52585260 1.2288 43336 15150
52585270 1.2288 43336 15150
52585340 1.2288 43336 15150
52585350 1.2288 43336 15150
52585350 1.973 53773 53772
52585390 1.2288 43336 15150
52585430 1.973 53770 53769
52585480 1.973 53770 53769
52585840 1.973 53770 53769
52585840 21.6969 53765 53764
52585930 1.973 53769 53770
52586020 21.6969 53764 53765
52586300 1.973 53770 53769
52586320 21.6969 53765 53764
52586400 21.6969 53764 53765
52586670 1.973 53769 53770
52586700 1.973 53770 53769
52587110 1.973 53769 53770
52587250 1.973 53769 53770
52587350 1.973 53772 53773
52587610 2892.2040023 41631 45575
52587630 1.973 53770 53769
52587660 150.3 22017 53539
52587700 1446.46 8036 9
52588120 15.0 3161 11067
52588220 21.6969 53765 53764
52588220 1.973 53769 53770
52588260 1.973 53770 53769
52588690 1.973 53770 53769
52588910 21.6969 53764 53765
52589000 1.973 53772 53773
52589020 1.973 53769 53770
52589270 150.0 21073 56969
52589270 150.0 56969 9787
52589350 1.973 53769 53770
52589570 750.0 6395 10300
52590010 1.973 53770 53769
52590100 1.973 53773 53772
52590370 1.973 53770 53769
52590440 1.973 53769 53770
52590590 0.6752726187 41631 8743
52591010 300.0 6395 25969
52591690 1.973 53769 53770
52591690 1.973 53772 53773
52591700 21.6969 53765 53764
52591720 1.973 53770 53769
52592350 1.973 53770 53769
52592390 1.973 53769 53770
52592630 75.0 21073 56969
52592640 75.0 56969 10010
52593110 1.973 53770 53769
52593130 21.6969 53764 53765
52593150 1.973 53773 53772
52593690 1.1124299985 9868 9092
52593880 1.973 53769 53770
52593930 7232.3 1021 7512
52594500 1.973 53770 53769
52594520 361.615 2525 9
52594730 150.0 6395 27087
52594970 150.0 6395 27087
52595140 1.973 53770 53769
52595180 1.973 53769 53770
52595210 300.0 6395 27087
52595220 1.973 53769 53770
52595380 3.4009302308 8260 226
52595570 300.0 6395 27087
52595630 1.973 53770 53769
52595770 0.0017877488 226 8260
52595800 0.0059666475 226 8260
52595910 1.973 53769 53770
52595930 1.973 53772 53773
52596290 900.0 27087 6395
52596340 1.973 53773 53772
52596590 0.00220976 45310 226
52596640 1.973 53769 53770
52597160 1.973 53770 53769
52597510 0.74 417 17610
52597630 21.6969 53765 53764
52597720 1.973 53772 53773
52598080 7.892 21073 321
52598090 7.892 321 7142
52598100 1.973 53773 53772
52598660 1.973 53770 53769
52598690 21.6969 53764 53765
52598940 1.973 53769 53770
52598990 1.973 53773 53772
52599020 1.973 53769 53770
52599070 101.2088062 44422 14
52599100 0.2294 7483 12693
52599160 1.973 53770 53769
52599260 0.2294 7483 12693
52599480 1.973 53769 53770
52599540 373.18668 7738 14
52599870 1.973 53770 53769
52600300 1162.73686377 6699 9340
52600550 1.973 53772 53773
52600550 1.973 53769 53770
52600580 1.973 53772 53773
52600970 1.973 53770 53769
52601070 361.615 44317 14
52601180 483.045317 41631 8207
52601190 2.1150499735 41631 10254
52601210 50.6261 41631 12934
52601400 0.40645526 41631 10591
52601540 1.973 53770 53769
52601550 1.973 53773 53772
52601650 31.388182 9393 10148
52602050 1.973 53770 53769
52602080 1.973 53769 53770
52602120 1.973 53773 53772
52602390 1.973 53773 53772
52602630 1.973 53770 53769
52603010 1.973 53770 53769
52603170 1.973 53772 53773
52603450 1.973 53770 53769
52603540 1.973 53770 53769
52604110 1.973 53770 53769
52604240 1.973 53769 53770
52604400 72.323 43702 14
52604420 72.323 43702 14
52604490 2.531305 5484 14
52604540 1.973 53769 53770
52604990 1.973 53769 53770
52604990 1.973 53773 53772
52604990 21.6969 53765 53764
52605060 1.973 53769 53770
52605610 11.1386749667 41631 45579
52605740 1.973 53769 53770
52605750 1.973 53772 53773
52605820 1.973 53770 53769
52605860 21.6969 53764 53765
52605890 150.0 6395 3804
52606150 1.973 53769 53770
52606220 1.973 53770 53769
52606300 1.973 53770 53769
52606460 2169.69 8282 9
52606880 1.973 53769 53770
52607370 1.973 53769 53770
52607540 4500.0 3161 9230
52608050 361.615 7324 14
52608390 3.254535 6254 14
52608510 154.04799 6254 14
52608760 1084.845 41631 45458
52609530 434.895 8282 6395
52609710 776.37 8282 53539
52610750 0.7304623 41631 27544
52611600 21.6969 53765 53764
52611740 1084.845 41631 10047
52611840 1.973 53769 53770
52612200 1341.34564332 1021 8282
52612670 2162.27592 8282 21081
52612750 1.973 53770 53769
52612760 1.973 53772 53773
52612770 21.6969 53764 53765
52612790 1.973 53772 53773
52612820 21.6969 53765 53764
52612860 1.973 53769 53770
52614250 110.0 226 843
52614450 1.973 53773 53772
52614730 1.973 53770 53769
52614740 1.973 53773 53772
52614860 1.973 53769 53770
52615640 44.0 843 226
52616050 0.185 7483 12693
52616220 1.973 53773 53772
52616360 1.814999989 41744 17
52616550 1.973 53769 53770
52616670 1.973 53770 53769
52616690 10.394999989 41720 17
52616710 1.973 53770 53769
52616980 16.5 41720 17
52617330 11.0 41720 17
52617660 148.5 45565 14
52618440 1.973 53769 53770
52619220 7.2323 5484 14
52619870 1.973 53772 53773
52619920 21.6969 53764 53765
52619990 6.5163023 41631 45583
52620210 2169.69 613 9
52620300 14.4646 41631 12277
52620800 1.973 53770 53769
52620870 5.5 16122 14
52621020 0.7304623 41631 10266
52621060 1.973 53769 53770
52621310 0.2242013 41631 45584
52621380 1.973 53770 53769
52621490 1.973 53769 53770
52621570 0.185 7483 12693
52622560 130.1814 747 9
52623070 721.06031 41631 45583
52623080 7.2323 747 9
52623110 39.347 43512 44456
52624110 1.973 53772 53773
52624340 1.973 53769 53770
52624720 1.973 53770 53769
52624810 1.973 53773 53772
52624850 1.973 53770 53769
52625200 1.973 53769 53770
52625290 1.973 53770 53769
52625720 723230.0 52227 52226
52625750 227.0 52227 52226
52625980 1.973 53769 53770
52626090 79.5553 45507 14
52626340 1.973 53769 53770
52626340 0.0072323 41631 45585
52626410 1.973 53772 53773
52626780 0.227 52227 10522
52626890 1.973 53772 53773
52627040 1.973 53773 53772
52627380 1.973 53773 53772
52627390 1.973 53770 53769
52627390 21.6969 53765 53764
52627460 1.973 53770 53769
52628010 144.646 41631 10304
52628070 1.973 53769 53770
52628280 21.6969 53764 53765
52628300 1.973 53770 53769
52628310 1.973 53773 53772
52628430 141.2251221 41631 4143
52628470 148.26215 45507 14
52628970 1.973 53769 53770
52629040 1.973 53770 53769
52629370 1.973 53770 53769
52629800 1.973 53770 53769
52629940 1.973 53769 53770
52630410 1.973 53769 53770
52630610 298.5 6395 25969
52630670 1.973 53772 53773
52630680 1.973 53770 53769
52630750 44.4 27334 6395
52631030 1.973 53772 53773
52631030 21.6969 53765 53764
52631070 1.973 53772 53773
52631110 1.973 53770 53769
52631110 1446.46 10048 9876
52631640 1.973 53769 53770
52631720 1.973 53773 53772
52631780 1.973 53769 53770
52632030 1.973 53769 53770
52632070 21.6969 53764 53765
52632110 1.973 53769 53770
52632160 1.973 53770 53769
52632540 1800.0 27349 6395
52632610 1.973 53770 53769
52632640 1.973 53769 53770
52632880 300.0 6395 27349
52633020 1.973 53770 53769
52633040 15.838737 5484 14
52633060 1.973 53769 53770
52633150 1.973 53769 53770
52633600 1.973 53770 53769
52633850 300.0 6395 27349
52633920 1515.0 8714 3161
52633940 75.0 8714 3161
52634200 578.5912323 9393 6219
52634410 1.973 53769 53770
52634630 578.5912323 9393 6219
52634670 1277.8788478 41631 6254
52634690 300.0 6395 27349
52634870 1.973 53770 53769
52634930 300.0 6395 27349
52635100 4500.0 3537 3161
52635280 1.973 53770 53769
52635290 300.0 6395 27349
52635420 1.973 53773 53772
52635520 0.000908 54373 13146
52635530 300.0 6395 27349
52635570 1.5 26610 21384
52635580 1.5 26610 21384
52635650 1.973 53769 53770
52635790 21.6969 53765 53764
52635880 0.000454 13146 10523
52635950 0.000454 10523 13146
52636010 0.000454 13146 10523
52636050 1.973 53770 53769
52636480 273.7642519 78893 1887
52636500 0.000227 10523 18519
52636520 0.00289292 78893 1887
52636570 0.0004845641 78893 1887
52636580 0.072 10175 10269
52636600 0.0 78893 1887
52636710 300.0 21073 56969
52636720 300.0 56969 48153
52636890 1900.8 24442 54251
52636990 21.6969 53764 53765
52637010 1.973 53769 53770
52637030 760.32 24442 45697
52637350 300.0 56969 48153
52637350 300.0 21073 56969
52637370 1503.0 4978 21081
52637440 1.973 53770 53769
52637590 300.0 21073 56969
52637600 300.0 56969 48153
52637710 1.973 53769 53770
52637750 300.0 21073 56969
52637760 300.0 56969 48153
52637910 300.0 21073 56969
52637920 300.0 56969 48153
52637930 188.0398 45507 14
52637930 1.973 53770 53769
52637930 1.973 53773 53772
52637950 1147.8411 9973 21081
52638060 1.973 53769 53770
52638080 1.973 53772 53773
52638150 300.0 21073 56969
52638160 300.0 56969 48153
52638170 450.0 6395 9787
52638310 32.689996 41631 6254
52638460 163.052999989 43512 9149
52638500 1.973 53770 53769
52638500 71.6070023 41631 45587
52638530 7.2323 45518 14
52638540 1800.0 48153 53539
52638700 1.973 53769 53770
52638750 1.973 53770 53769
52638780 1446.46 41631 9973
52638790 1.973 53772 53773
52638800 9.763605 41631 10796
52638900 0.000227 10523 18519
52639160 1.5 26610 21384
52639170 1.973 53769 53770
52639220 1.973 53772 53773
52639400 1.973 53769 53770
52639650 1.5 26610 21384
52640480 1.973 53770 53769
52640540 1777.248 24442 55088
52640860 1.973 53769 53770
52640930 21.6969 53765 53764
52640970 1645.488 24442 281
52641000 1.973 53770 53769
52641050 21.6969 53764 53765
52641610 1.973 53773 53772
52641820 1.973 53770 53769
52641830 21.6969 53765 53764
52641900 3006.0 9140 21081
52642180 2250.0 9140 6395
52642420 21.6969 53764 53765
52642430 1.973 53769 53770
52642480 2550.0 6395 22318
52642640 1.973 53773 53772
52642800 21.6969 53765 53764
52642850 950.4 24442 11637
52643040 1.5 26610 21384
52643050 1.5 26610 21384
52643060 1.5 26610 21384
52643070 1.5 26610 21384
52643080 1.5 26610 21384
52643090 1.5 26610 21384
52643100 1.5 26610 21384
52643110 1.5 26610 21384
52643120 1.5 26610 21384
52643130 1.5 26610 21384
52643140 1.5 26610 21384
52643150 1.5 26610 21384
52643160 1.5 26610 21384
52643170 1.5 26610 21384
52643180 1.5 26610 21384
52643190 1.5 26610 21384
52643200 1.5 26610 21384
52643210 1.5 26610 21384
52643220 1.5 26610 21384
52643230 1.5 26610 21384
52643240 1.5 26610 21384
52643270 259.95 20664 6395
52643340 1.973 53770 53769
52643460 1.973 53769 53770
52643740 1.973 53772 53773
52643810 4491.9 22170 9787
52643860 1.973 53772 53773
52643860 0.0765 22170 9787
52643880 21.6969 53764 53765
52644000 1.5 26610 21384
52644430 1.973 53770 53769
52644460 0.00027239999773 54373 13146
52644730 1.973 53769 53770
52644800 1.973 53770 53769
52645010 300.0 6395 26278
52645500 300.0 6395 26278
52645690 376.0796 78919 14
52645790 50.409131 41631 12277
52645800 150.0 6395 26278
52645810 21.6969 53765 53764
52645890 1.973 53770 53769
52645950 1500.0 9787 10272
52646210 1050.0 26278 6395
52646230 1.973 53770 53769
52646500 1.973 53769 53770
52646610 21.6969 53764 53765
52646660 1.973 53770 53769
52646660 1.5 26610 21384
52646670 1.5 26610 21384
52646680 1.5 26610 21384
52646680 656.69284 41631 9973
52646690 1.5 26610 21384
52646700 1.5 26610 21384
52646710 1.5 26610 21384
52646720 1.5 26610 21384
52646730 1.5 26610 21384
52646740 1.5 26610 21384
52646750 1.5 26610 21384
52646760 1.5 26610 21384
52646770 1.5 26610 21384
52646890 21.6969 53765 53764
52647010 1.973 53769 53770
52647030 75.0 21073 56969
52647040 21.6969 53764 53765
52647040 75.0 56969 10895
52647320 1.973 53773 53772
52647370 1.973 53769 53770
52647400 75.0 3161 10895
52647470 1.5 26610 21384
52647480 1.5 26610 21384
52647490 1.5 26610 21384
52647500 1.5 26610 21384
52647510 1.5 26610 21384
52647520 1.5 26610 21384
52647530 1.5 26610 21384
52647540 1.5 26610 21384
52647550 1.5 26610 21384
52647560 1.5 26610 21384
52647560 3000.0 9787 10272
52647560 1.5 26610 21384
52647570 1.5 26610 21384
52647580 1.5 26610 21384
52647590 1.5 26610 21384
52647590 789.76716 41631 9973
52647590 1.5 26610 21384
52647700 1.973 53773 53772
52647830 21.6969 53765 53764
52647840 1.973 53769 53770
52648120 1.973 53770 53769
52648120 1.973 53772 53773
52648200 1.973 53769 53770
52648240 21.6969 53764 53765
52648650 742.436493657 41631 45590
52648900 373.331326 9412 9
52648960 1.973 53770 53769
52648980 0.0464241337 9412 9
52649000 578.5912323 6219 9393
52649060 1.973 53769 53770
52649110 300.0 21073 56969
52649120 300.0 56969 8875
52649310 21.624577 10253 9
52649330 150.0 6395 10895
52649410 1.973 53772 53773
52649880 1.973 53770 53769
52649970 310.95 8036 6395
52650070 580.157999998 8036 21081
52650150 1.973 53769 53770
52650180 1.973 53770 53769
52650200 21.6969 53765 53764
52650220 1.973 53769 53770
52650780 1.973 53770 53769
52650820 1.973 53769 53770
52650860 725.688982 41631 9364
52651010 566.4 48334 24442
52651460 1.973 53770 53769
52651460 21.6969 53764 53765
52651500 1.973 53769 53770
52651570 1.5 26610 21384
52651580 1.5 26610 21384
52651630 1.973 53770 53769
52651810 1.5 21384 26610
52651820 1.5 21384 26610
52652150 1.973 53773 53772
52652390 21.6969 53765 53764
52652440 1.973 53773 53772
52652460 21.6969 53764 53765
52652740 1.973 53773 53772
52652850 404.936469768 41631 8207
52652870 153.32476 41631 2427
52652870 0.530162008704 10825 32
52652870 1.973 53769 53770
52653100 76032.0 286 67516
52653200 0.3974999985 25290 25713
52653420 1.973 53770 53769
52653770 300.0 6395 26278
52653880 4.8 10423 44718
52653920 1.973 53772 53773
52653940 1.973 53770 53769
52653970 1.973 53769 53770
52654120 1.973 53773 53772
52654200 300.0 6395 26278
52654310 224.2013 9738 14
52654340 23.86659 45507 14
52654350 4.8 44718 10423
52654360 600.0 26278 6395
52654400 1.973 53769 53770
52654440 1.973 53770 53769
52654450 173.5752 9738 14
52654470 1.973 53769 53770
52654740 9.6 44718 68052
52654760 1.973 53770 53769
52654850 1.973 53770 53769
52654890 1.973 53769 53770
52655120 5839.95 3537 3287
52655220 43.422 26612 6395
52655430 36.0 272 10293
52655570 0.0072323 41631 45580
52655600 0.0072323 41631 45581
