0 723.23 557 558
10360 1084.845 557 558
10570 1084.845 557 558
241020 11.0 40 165
434740 180.8075 558 557
443000 43.3938 558 557
443100 21.6969 558 557
444090 21.6969 558 557
444150 21.6969 558 557
444190 14.4646 558 557
444580 14.4646 558 557
445070 7.2323 558 557
445380 11.57168 558 557
445820 43.3938 558 557
445920 43.3938 558 557
446080 57.8584 558 557
447090 65.0907 558 557
447120 65.0907 558 557
447160 7.2323 558 557
447570 28.9292 558 557
448960 28.9292 558 557
449000 28.9292 558 557
460260 0.77 129 52
577640 3.08 129 572
577990 3.08 572 129
602250 28.9292 558 557
602520 28.9292 558 557
602550 7.2323 557 558
602590 7.2323 557 558
602610 7.2323 557 558
602640 7.2323 557 558
602660 7.2323 557 558
602670 2.16969 558 557
602740 7.2323 557 558
603280 7.2323 557 558
607420 0.385 52 129
611070 94.74313 558 557
611080 94.74313 557 558
622120 21.6969 557 558
622120 21.6969 558 557
622300 21.6969 557 559
622360 21.6969 557 559
622520 21.6969 557 559
622630 21.6969 557 559
624480 21.6969 557 560
624770 14.4646 557 560
685880 723.23 4 2
689570 14.4646 557 561
691090 1.44646 561 557
691280 7.2323 557 561
692460 7.2323 561 557
692460 7.2323 557 561
693410 7.2323 557 561
693680 23.14336 557 561
693940 23.14336 557 561
694780 8.67876 557 561
694850 8.67876 557 561
696040 14.4646 561 557
696340 0.72323 561 557
708750 8.9246582 960 961
708770 8.9246582 960 961
708790 8.9246582 960 961
708830 8.9246582 960 961
708850 8.9246582 960 961
708870 8.9246582 960 961
708890 8.9246582 960 961
708910 8.9246582 960 961
708930 8.9246582 960 961
708950 8.9246582 960 961
709310 8.9246582 960 961
709440 8.9246582 960 961
709620 0.7304623 961 960
710050 2271.66543 961 965
710160 0.7376946 965 960
710640 8.1146406 960 963
711380 9.546636 960 964
711990 7.2467573677 960 963
712130 0.2169617677 963 960
712140 0.2169617677 960 963
712280 0.289292 963 960
853300 0.154 52 583
859750 723.23 204 22
860650 1446.46 204 546
1115850 180.8075 4 36
1125760 7232.3 984 344
1126320 7232.3 344 984
1126610 7232.3 984 344
1177520 1100.0 215 214
1202320 376.0796 4 109
1209200 0.8895729 960 965
1281750 72.323 4 586
1291170 248.7688 586 993
1291750 289.292 4 586
1332820 0.0385 52 584
1332960 0.0231 584 52
1377060 27.5 31 304
1382990 24.8 586 993
1443180 62.6448 994 586
1449800 13.6152 993 994
1474090 16.864 994 586
1557890 24.8 993 586
1589270 0.77 991 992
1589500 3.85 991 992
1589540 1.54 992 991
1589740 3.85 992 991
1589760 11.55 992 991
1666230 12.32 991 992
1666430 11.55 991 1023
1666450 3.85 991 1023
1666710 1.54 991 1023
1667010 1.54 1023 991
1667090 38.5 991 1023
1670420 11.55 991 1023
1683770 7.7 1023 991
1685120 1.1 176 175
1738290 46.2 1023 991
1738430 154.0 992 991
1738470 7.7 991 1023
1739910 146.3 991 992
1740320 7.7 1023 992
1774400 7232.3 1025 347
1775120 1.1 1025 347
1775310 1.1 347 1025
1776920 4.4 52 324
1779280 158.4 347 1025
1813150 0.275 52 324
1891420 1.1 176 175
1892050 7.2323 176 175
1948680 0.231 52 324
2039640 0.55 175 178
2040190 0.11 175 176
2040250 2.529999989 175 176
2041440 0.0154 324 52
2545520 169.4 129 110
2550170 7232.3 4 110
2615340 73.0 1074 349
2615500 7227.0 1074 349
2616830 723230.0 1074 349
2635980 14464.6 4 31
2652600 1446.46 1079 1078
2652780 723.23 1078 1077
2683700 1084.845 1080 796
2732190 2169.69 1079 1078
2776120 7.2323 47 44
2795130 72.323 4 797
2798580 72.323 797 1072
2818900 72.323 1072 797
2819130 72.323 797 4
2820890 2169.69 4 301
2869340 1446.46 4 5
2884810 723.23 4 401
2929230 7232.3 4 2
2950640 1446.46 4 536
2955350 15.0532151 129 301
2975890 0.0385 52 324
2998920 361.615 4 5
3168520 7232.3 1072 797
3169030 7232.3 797 1072
3173170 7.2323 43 3
3177190 36161.5 4 401
3182780 7232300.0 399 401
3183280 20973670000.0 399 401
3183570 20973670000.0 401 399
3194690 2.8800849 129 301
3195790 0.72323 240 43
3202190 7232.3 985 215
3203120 723.23 985 215
3203190 2169.69 985 215
3204440 1.1 985 215
3204540 1.1 985 215
3205090 1.1 985 215
3205130 1.1 985 215
3205600 1.594999989 985 215
3206710 1.24 985 215
3207480 4.8 985 215
3207780 3.85 985 215
3215860 1.1 215 985
3216280 3.85 215 985
3216510 4.895 215 985
3216550 4.8 215 985
3216570 1.24 215 985
3216820 10125.22 215 985
3216910 96.0 985 215
3216960 96.0 215 985
3223830 7232300.0 401 399
3250350 723.23 4 654
3250390 72.323 654 44
3264630 7232.3 4 301
3270220 109.89 130 536
3278680 723.23 210 213
3283970 723.23 210 213
3290300 2892.92 210 211
3290840 17.36 994 586
3312020 3226.74486555 4 163
3348300 115.7168 4 2
3349900 41235.058885 4 110
3363210 3970.5327 536 4
3413370 0.616 129 52
3413690 0.3927 129 52
3442060 7.2323 301 4
3475590 7.2323 4 798
3483230 361615.0 9 1021
3486090 7.2323 1021 214
3486570 7.2323 1021 214
3557510 723.23 1021 215
3564530 723.23 985 215
3564840 723.23 985 215
3564890 723.23 1021 215
3573780 1259.35486629 1021 215
3574570 7.2323 1021 214
3578010 7232.3 797 1072
3578100 3616.15 1072 1073
3578130 3616.15 1073 797
3578210 3616.15 797 1073
3578310 3616.15 1073 797
3578330 11000.0 9 1021
3578350 12400.0 9 1021
3578360 7700.0 9 1021
3578380 3616.15 1072 797
3578390 9600.0 9 1021
3609960 723.23 1021 401
3610190 35438.27 1021 401
3642400 21.6969 214 9
3646140 723.23 215 9
3647020 723.23 1021 215
3647210 1.24 1021 214
3647230 0.0096 1021 214
3647230 1.1 1021 214
3647290 0.77 1021 214
3647320 7.2323 1021 214
3647860 0.77 1021 214
3648880 0.77 214 9
3648970 1.24 1021 214
3649020 1.24 214 9
3649100 1.1 1021 214
3649380 1.1 214 9
3649470 0.0096 1021 214
3649870 0.0096 214 9
3650170 7.2323 214 9
3650900 40.0088593987 1021 214
3651280 40.0088593987 214 9
3653260 7.7 985 215
3655150 10848.45 1021 301
3656340 7.7 215 985
3656510 1446.46 215 985
3658160 31.0 1021 301
3659000 28.8 1021 301
3660610 7.2323 126 4
3660950 7.2323 126 4
3661070 11.0 1021 215
3662160 1100.0 214 215
3662530 12.4 1021 215
3662730 9.6 1021 215
3662840 7.7 1021 215
3664790 50626.1 9 1021
3666080 198.4 1021 110
3666130 14464.6 1021 110
3666150 183.26 1021 110
3666360 220.8 1021 110
3666460 202.4 1021 110
3677270 4.653 1021 440
3683110 5.5 440 16
3684030 5.5 16 440
3694380 25313.05 1021 301
3707870 5.5 1021 31
3707980 3326.85799277 1021 31
3708460 96.0 1021 31
3711420 43393.8 9 1021
3711540 1.1 1021 215
3713710 701.5331 126 4
3750860 0.72323 126 9
3751030 325.4535 126 9
3760630 4.4 440 9
3760880 4.367 1021 440
3763820 361.615 1021 118
3771280 361.615 1021 155
3775590 7.2323 118 463
3780630 72.323 1021 59
3785180 723.23 1021 59
3785480 795.553 59 9
3789620 795.553 1021 59
3790800 723.23 213 210
3791560 3880.49055777 1021 213
3794770 231.4336 1021 1170
3795340 1446.46 1021 20
3795730 72.323 20 9
3799920 22.0 1021 31
3800650 1446.46 1021 158
3802750 6509.07 1021 59
3806220 7.2323 126 9
3807160 21.6969 1021 465
3812510 7.2323 1021 126
3812570 1041.45119277 1021 126
3822070 5.640398447 1021 27
3825660 7232.3 59 9
3828010 723.23 1021 461
3840680 0.72323 711 9
3842740 36.1615 544 157
3850840 0.72323 467 156
3857950 1.2945817 1021 57
3858920 36.1615 4 799
3866630 1.44646 156 467
3867190 723.23 1021 114
3869110 72.323 159 1185
3869490 144.646 1185 159
3872640 361.615 1021 1173
3872850 1084.845 1173 9
3874510 36.1615 157 544
3874570 749.338603 1021 1176
3875390 36.1615 1021 799
3878950 2.089999989 1021 799
3879440 74.0 3 43
3879810 1588.16603389 3 43
3882380 2.48 1021 799
3882380 0.11 1021 799
3884710 72.323 159 1185
3884780 723.23 15830 483
3885310 7.2323 159 9
3885430 1063.1481 159 9
3887070 321.83735 159 9
3887290 130.1814 1185 159
3887480 4.1459376719 159 1185
3887570 180.8075 483 1198
3887800 4.1459376719 159 9
3888500 4.1459376719 1185 159
3888810 43.3938 159 9
3889700 253.0 1184 15836
3890530 542.4225 483 15830
3890790 253.0 15836 1184
3891060 180.8075 483 15830
3891900 0.011 245 43
3894630 7.2323 118 160
3896020 0.0072323 1021 176
3896110 72.323 1021 176
3896630 7.2323 176 9
3899260 361.615 1021 115
3899990 867.875992768 1021 176
3900930 4.4 1021 176
3902730 361.615 1021 160
3921390 723.23 1179 9
3925200 216.969 1021 653
3926900 407.164741398 4 653
3927550 361.615 1021 486
3942110 723.23 114 9
3945580 3225.6058 163 4
3956650 723.23 1021 472
3956890 7.2323 1021 1183
3962800 151.8783 1183 9
3963230 282.0597 1183 9
3969350 7.2323 1185 159
3969760 0.6870685 1185 159
3969860 0.0216969 1185 159
3970040 0.72323 159 1185
3972340 21.04165362 159 9
3973880 5.78584 1021 1186
3978520 72.323 1021 1184
3982830 723.23 1021 483
3990520 0.077 52 324
3993080 72.323 472 9
3993870 72.323 1021 472
4010360 0.072323 655 4
4016810 723.23 1021 1190
4018420 723.23 4 801
4018870 151.8783 1183 9
4032920 1.1 1154 1161
4034270 1.1 1161 1154
4040660 904.0375 483 9
4046660 904.0375 1021 483
4047360 180.8075 483 1198
4050110 0.0072323 1184 15837
4050270 723.23 15837 1184
4050380 723.23 1184 15837
4062440 0.0154 324 52
4064530 72.323 1188 9
4076220 289.292 1021 471
4078940 180.8075 1021 340
4090080 1489.8538 5 4
4095730 724.855871666 126 4
4103570 723.23 1021 554
4103620 7232.3 1021 340
4113900 0.11 156 467
4118490 14464.6 1021 340
4121380 650.907 1188 9
4126840 483.732219157 1021 215
4128790 0.011 15826 160
4129040 0.011 160 15826
4129520 7.2323 160 125
4132610 180.8075 36 4
4136700 216.969 1021 1102
4141970 16.5 160 15826
4168690 173.5752 1198 9
4169960 3.61615 1021 1196
4170260 4.4067416422 1179 9
4170680 289.292 115 9
4173820 918.5021 1021 483
4174190 1157.168 483 9
4174390 578.584 1021 483
4174990 0.6464085094 126 4
4176640 723.23 1021 126
4176740 1.6258788984 1021 126
4184440 7.2323 1021 1196
4184510 723.23 1021 68
4184540 354.3827 1197 9
4184590 361.615 1021 805
4185200 450.103911787 1021 1196
4185320 2762.90112425 1021 215
4187730 1084.845 1021 805
4189240 72.323 4 802
4189710 506.261 1188 9
4190460 18.08075 1021 711
4195470 7232.3 1021 340
4197020 274.8274 803 9
4213510 14464.6 1021 1200
4215620 11.0 1021 160
4219130 361.615 1021 160
4223040 361.615 1021 53
4225270 572.630139206 1021 215
4225690 2484.656665 1021 213
4227700 144646.0 9 1021
4227710 550.0 9 1021
4228340 0.72323 1190 1204
4228660 1.44646 1021 554
4229870 16.63429 655 4
4232610 3616.15 158 9
4235780 7.2323 53 1112
4238150 5406.04803148 1021 68
4238920 2892.92 158 4
4239770 14.4646 1102 4
4241400 216.969 1102 9
4249740 12.7844 1021 53
4249870 0.124 53 1112
4251740 0.124 53 1113
4251900 357.99885 15865 9
4252390 72.323 53 1113
4252490 289.292 1114 9
4252570 36.1615 1113 53
4253040 0.124 53 1113
4253670 1491.30025277 158 4
4260700 1084.845 461 9
4262850 0.0124 53 655
4269400 723.23 1021 554
4279850 43.3938 1199 9
4282050 72.323 1199 9
4282540 11.0 165 40
4289110 216.969 1199 9
4291260 845.540531304 15877 9
4293110 72.323 1021 1184
4301890 72.323 1021 586
4302660 180.8075 126 9
4304470 14.4646 1021 1209
4312590 1481.446866 1021 215
4314390 0.0124 53 42
4329880 2.16969 1021 1212
4330090 0.72323 1021 1213
4330760 3616.15 1021 553
4330790 3601.6854 1021 553
4330880 14.4646 1021 553
4333220 173.5752 1021 1198
4334030 556.8871 1105 9
4334230 180.8075 1217 9
4341480 72.323 15865 9
4346190 180.8075 1021 1217
4350030 5424.225 1021 1217
4350330 6870.685 1021 1217
4350520 144.646 1021 554
4350830 723.23 1021 1218
4371110 72.323 1248 9
4371560 443.918574 480 9
4395740 14.4646 1021 1213
4396900 72.323 656 9
4396950 650.907 656 9
4401160 216.969 1021 182
4401920 7.2323 804 9
4402400 65.0907 804 9
4402970 224.2013 804 9
4404550 216.969 1021 1218
4404800 144.646 804 9
4405230 390.5442 656 9
4407280 36158.60708 401 4
4411710 361.615 1021 245
4415130 72.323 1021 1219
4415620 2892.92 1021 1219
4416020 723.23 1021 1219
4421990 1691.76124596 805 4
4424570 1691.76124596 1021 805
4432440 723.23 1021 554
4432900 72.323 1021 1105
4434730 0.0124 655 53
4435060 155.49445 711 9
4435290 72323.0 1021 340
4437910 7232.3 1021 555
4446250 28.9292 1199 9
4448230 2003.3471 5803 9
4461380 36.1615 799 4
4466010 405.0088 15789 9
4469020 144.646 115 9
4475080 54965.48 1021 553
4476040 889.5729 1224 9
4476340 1063.1481 15900 9
4476540 79.5553 4 469
