0.16458411086985716
0.14760906515127453
0.08222348270084151
0.0799488527241936
0.06355702619957837
0.060952594871424494
0.04435697124202134
0.039707912594205585
0.032107612848493984
0.02317722400741856
0.01828585110680855
0.017927948292648134
0.017540484441268434
0.016425877871764864
0.01566338878610051
0.014284297460379262
0.014277763838865158
0.01392571601538891
0.013800511202585285
0.01277660926238754
0.012422889740320155
0.012153306187455961
0.01202889314885131
0.011987819827659507
0.011953973575404215
0.011665094251984401
0.011632346415610855
0.011586401908725926
0.011518460049243867
0.011489134566927446
0.011444831178639191
0.011356610214684607
0.01116472444112355
0.011135920091317721
0.011021554253004969
0.010994399379681913
0.010986265095548632
0.010924460776562912
0.01084325008797124
0.010711885206495653
0.010696982893925443
0.010628905581578613
0.010464485749209376
0.010449939148883657
0.010360857881349668
0.010146766406706823
0.010137337016880936
0.010060249287768696
0.010019986758441186
0.009964616633474581
0.009770467507360886
0.00976542195675018
0.009722356586906634
0.009543294727926274
0.009461228377150582
0.009421458662362181
0.0093853712656621
0.009250931406100824
0.009187415475027778
0.009137948408648441
0.009050314494592246
0.008985820472999704
0.008933300773713824
0.008897160640397092
0.008866202790563821
0.008806184158135983
0.008724460892895556
0.008720812152085982
0.008675540396508205
0.008643410075029946
0.008618257999684142
0.0085723718590486
0.008560846040689763
0.008476495795131721
0.008458460815550104
0.008448372054545659
0.008350136712770538
0.00833954606963019
0.00828385314891646
0.008269660559160442
0.008238587085045119
0.00820844081391201
0.008162787380249373
0.008028653230686824
0.008008799282678215
0.007801481214547841
0.007727893479303606
0.0076232579178660215
0.007613491007254085
0.007513437348122969
0.007481273804691329
0.007369264292450036
0.007307599372565303
0.007296185440558229
0.006881205916029211
0.006641225794854889
0.006615154726947631
0.006390390750548629
0.005412741310545326
0.00486587305561046
