0 3.0 54 15
1 13.0 74 96
2 9.0 9 92
3 5.0 22 96
4 14.0 69 21
5 9.0 9 90
6 7.0 69 88
7 10.0 75 45
8 7.0 9 94
9 9.0 42 67
10 11.0 69 96
11 11.0 74 22
12 8.0 81 84
13 10.0 92 5
14 11.0 75 86
15 9.0 3 62
16 7.0 76 40
17 12.0 69 90
18 4.0 89 79
19 9.0 75 49
20 8.0 52 21
21 9.0 3 88
22 12.0 12 84
23 9.0 74 87
24 8.0 56 22
25 7.0 89 22
26 8.0 2 88
27 12.0 89 21
28 14.0 9 56
29 14.0 69 64
30 18.0 44 64
31 11.0 56 40
32 14.0 96 72
33 15.0 44 47
34 17.0 84 15
35 10.0 76 86
36 4.0 12 50
37 13.0 69 86
38 7.0 12 40
39 8.0 12 92
40 10.0 3 67
41 12.0 41 24
42 6.0 74 97
43 9.0 90 45
44 8.0 10 74
45 9.0 75 78
46 5.0 9 21
47 9.0 89 49
48 13.0 9 64
49 9.0 56 97
50 9.0 33 49
51 10.0 10 97
52 10.0 62 96
53 13.0 96 5
54 11.0 19 94
55 10.0 90 92
56 7.0 19 50
57 11.0 75 84
58 5.0 44 96
59 17.0 56 72
60 9.0 89 67
61 9.0 76 91
62 14.0 41 94
63 5.0 89 92
64 10.0 9 96
65 18.0 88 96
66 8.0 76 96
67 8.0 89 96
68 11.0 56 64
69 8.0 92 88
70 11.0 9 92
71 4.0 75 94
72 10.0 6 47
73 18.0 62 96
74 12.0 19 62
75 14.0 62 97
76 12.0 98 88
77 10.0 90 15
78 12.0 89 64
79 9.0 74 91
80 8.0 76 62
81 17.0 44 87
82 8.0 58 56
83 10.0 89 45
84 15.0 3 62
85 9.0 54 86
86 8.0 90 5
87 13.0 10 86
88 9.0 10 58
89 14.0 76 40
90 8.0 75 47
91 13.0 90 31
92 7.0 10 15
93 17.0 41 87
94 10.0 48 88
95 10.0 74 88
96 3.0 74 92
97 12.0 12 86
98 6.0 74 22
99 11.0 12 84
