0.2649264099225903
0.19314156448964928
0.14996380289906794
0.13727302942489017
0.12729886278032806
0.10396699076943906
0.09399595361207277
0.07017629636677251
0.0693292721044731
0.06784983765821553
0.06162296248785388
0.058668892519250816
0.05392073705535452
0.053652530330019495
0.04437594941978512
0.03638127646003524
0.028908842268276953
0.027849419299635754
0.026346186934058442
0.026126337072533735
0.024504815027387692
0.023400750055048138
0.02195543873442305
0.021335679483484055
0.02127337786646965
0.020615582078803728
0.019805679329488853
0.019173467881587487
0.015808121820526787
0.013087213411888737
0.012165839268498515
0.011373332569993053
0.010438164357459347
0.009744427275075898
0.009430003211152034
0.009385562786923329
0.009243641586578762
0.008576890024014327
0.00846325105756151
0.008187260093931855
0.0075764640545098174
0.00742646379264663
0.007383785274941737
0.0070587680340672455
0.0065490402998133355
0.006374472344496718
0.006231070516784803
0.005973393975867692
0.0055682808884089385
0.005338904634531976
0.005081165168381873
0.004895667217868826
0.004356579310197121
0.004343383030767075
0.004177643973562339
0.0038800779833556595
0.0038703360131931556
0.003797881897758212
0.003772418058132343
0.0034808728686279706
0.003471983249348741
0.0034643662003696926
0.003357265199274731
0.003184079714691959
0.002898508417988936
0.00260465787676672
0.0025762974742566578
0.002542609592702357
0.002518620575843465
0.0025169086393576185
0.002512082273987036
0.0024841898063914136
0.002422352035833792
0.002415086459613361
0.00209718589434112
0.0020728227583697045
0.0018364729249082984
0.0018030029934791838
0.0016997432581848167
0.001443001443001443
0.001340387263392829
0.001340387263392829
0.001263444290655175
0.0011919309074534799
0.0011696447920937713
0.0011612056602780163
0.0010032987924144378
0.0008874786085670438
0.0008874786085670438
0.0006450151007974137
0.0005064411526996561
0.0004932709014341666
0.000487871916443345
0.0002920360063217206
0.0
0.0
0.0
0.0
0.0
0.0
