0 8.0 30 18
1 13.0 50 65
2 13.0 32 40
3 15.0 10 49
4 11.0 84 96
5 8.0 83 90
6 9.0 88 65
7 14.0 75 19
8 10.0 10 46
9 11.0 95 27
10 10.0 87 90
11 6.0 32 23
12 12.0 95 26
13 9.0 17 40
14 3.0 14 73
15 6.0 65 49
16 15.0 95 6
17 10.0 23 19
18 10.0 10 45
19 11.0 75 71
20 9.0 14 52
21 6.0 84 13
22 11.0 94 40
23 9.0 15 45
24 9.0 14 49
25 4.0 15 52
26 10.0 14 40
27 10.0 60 27
28 13.0 50 18
29 9.0 15 52
30 7.0 17 40
31 5.0 90 46
32 6.0 15 73
33 10.0 50 12
34 10.0 25 18
35 16.0 49 65
36 10.0 80 6
37 11.0 50 1
38 13.0 14 6
39 5.0 25 23
40 10.0 25 26
41 7.0 14 46
42 8.0 10 75
43 11.0 23 1
44 8.0 82 90
45 16.0 65 17
46 9.0 25 29
47 10.0 84 6
48 11.0 87 29
49 13.0 84 27
50 12.0 75 1
51 6.0 90 92
52 8.0 32 40
53 12.0 83 40
54 9.0 23 52
55 7.0 25 19
56 13.0 17 46
57 10.0 82 65
58 9.0 75 23
59 11.0 80 52
60 17.0 33 23
61 9.0 25 85
62 10.0 15 90
63 11.0 71 88
64 9.0 25 6
65 15.0 10 49
66 15.0 10 29
67 8.0 64 88
68 10.0 71 6
69 13.0 10 89
70 9.0 71 75
71 2.0 17 88
72 10.0 73 6
73 9.0 32 6
74 10.0 88 1
75 12.0 71 23
76 9.0 87 2
77 12.0 90 13
78 13.0 60 19
79 11.0 32 3
80 8.0 30 19
81 9.0 75 85
82 13.0 92 90
83 8.0 13 52
84 10.0 82 19
85 3.0 30 73
86 7.0 75 26
87 10.0 50 13
88 19.0 17 65
89 4.0 14 89
90 4.0 70 96
91 8.0 71 3
92 10.0 80 18
93 10.0 75 45
94 13.0 84 88
95 13.0 92 18
96 9.0 15 6
97 7.0 75 85
98 7.0 30 13
99 13.0 35 23
