0 1.4 48 30
1 1.1 42 75
2 1.2 55 93
3 11.5 14 46
4 1.0 78 26
5 1.4 42 38
6 4.0 49 72
7 1.1 13 72
8 1.0 64 6
9 25.1 25 72
10 5.3 33 56
11 1.2 24 63
12 1.6 81 57
13 2.1 43 30
14 1.1 95 79
15 2.3 81 75
16 1.0 18 39
17 1.7 18 56
18 1.7 14 53
19 108.4 31 93
20 1.0 69 63
21 5.8 70 76
22 1.0 33 15
23 9.6 69 72
24 1.1 95 79
25 2.1 42 63
26 2.1 69 68
27 1.4 49 93
28 1.1 16 38
29 1.0 42 15
30 1.0 14 41
31 1.0 98 10
32 15.3 95 93
33 1.1 69 72
34 2.3 81 93
35 10.8 18 39
36 1.4 64 86
37 5.2 69 56
38 2.8 8 15
39 1.2 86 75
40 1.1 81 79
41 1.9 42 38
42 3.2 98 63
43 1.4 48 23
44 1.7 86 72
45 11.5 5 86
46 1.2 42 22
47 59.3 43 57
48 3.6 33 72
49 1.4 82 49
50 1.4 48 9
51 1.1 43 95
52 34.3 18 72
53 1.1 31 49
54 2.6 48 39
55 3.8 64 93
56 3.7 64 86
57 1.9 50 72
58 19.6 14 72
59 1.2 33 93
60 1.0 81 6
61 1.8 13 39
62 1.6 70 15
63 1.5 13 93
64 1.9 48 41
65 1.2 80 49
66 3.8 80 41
67 2.8 19 30
68 1.0 80 79
69 68.4 16 38
70 1.3 31 56
71 2.6 42 56
72 1.0 69 93
73 1.3 48 38
74 1.7 13 12
75 1.6 79 70
76 1.1 25 39
77 59.0 18 86
78 1.6 87 86
79 1.0 81 34
80 3.6 25 46
81 1.1 31 34
82 1.3 95 86
83 5.1 73 22
84 5.7 43 30
85 1.1 86 93
86 1.0 78 18
87 1.0 51 72
88 2.1 95 76
89 1.2 18 41
90 1.5 48 53
91 1.1 18 34
92 1.8 43 34
93 1.8 82 9
94 2.5 24 57
95 1.8 95 41
96 3.4 13 18
97 1.2 95 72
98 2.5 18 57
99 1.5 48 86
