0.2690230820596603
0.20523963854841656
0.1917950653185655
0.09607793544095337
0.09339087007336129
0.08065600110281618
0.07300139425625984
0.07041253313671372
0.0693498410171443
0.06888676695917774
0.05747953688584484
0.03822030515889878
0.03802880277833896
0.03745330289857193
0.0344116093411266
0.03337768083348134
0.031465475018350716
0.031143551242499918
0.025943367084368937
0.025144179728286094
0.023039460825484324
0.022964816625917435
0.022422349061186404
0.01931136987568651
0.019226918374759327
0.018897034960733163
0.01887297006344625
0.017159372957146604
0.017147975615908247
0.016751817462101578
0.01672375386815708
0.01647417609074999
0.016007379264955025
0.015118141896125818
0.01467444864167189
0.014295459284363937
0.014273767072159152
0.014257574121519697
0.01374857105376586
0.01306476283285189
0.012941129051209449
0.012759846603384018
0.012411188184224669
0.01207106700303979
0.009128947394253519
0.008287686797272448
0.008070523237499119
0.007984694952663957
0.006997872257612517
0.006292092110055661
0.006253006253006252
0.006233471972494854
0.006216577859780594
0.006150630045187869
0.005763944477611762
0.004981398069542418
0.004626324052730979
0.004519816685592086
0.0038234006539510554
0.00356165542467336
0.0032914533301051543
0.0032703607920058133
0.0032199293640233647
0.0030782468757658823
0.0029190586549893904
0.0028010120619891797
0.002669143655538213
0.0024534371009324626
0.0024376417233560087
0.002337351487011351
0.0022390119328894844
0.0021983833981360263
0.0021943759188657146
0.0020545591974163403
0.0019205736428989364
0.0019137840102589631
0.0018415446986875562
0.0017147986922260263
0.0016771151425012969
0.0016583756379674743
0.0015923992714709
0.001401616661356921
0.0012119977642550308
0.0010822510822510823
0.001022535036140478
0.0009745985936462126
0.0009149643503384998
0.0008894418758364333
0.0008589294303580017
0.0008242524785505614
0.0007990497786416154
0.0006751185322613892
0.0006514031560413752
0.0005806362949220092
0.0005308183879612451
0.00045719586535913074
0.0
0.0
0.0
0.0
