0 1.5 78 11
1 5.2 76 48
2 4.1 84 76
3 7.5 20 11
4 1.0 52 11
5 1.7 89 7
6 1.4 21 69
7 1.0 1 28
8 6.1 89 18
9 4.7 75 40
10 1.0 1 87
11 2.9 21 7
12 1.0 21 13
13 2.8 1 41
14 2.9 21 13
15 2.8 55 48
16 5.5 51 41
17 4.6 94 25
18 2.0 89 72
19 26.9 76 48
20 2.3 21 87
21 1.0 56 48
22 4.7 81 15
23 1.3 14 48
24 2.3 52 76
25 3.8 76 11
26 1.3 19 72
27 2.7 89 39
28 1.6 66 60
29 1.3 66 31
30 3.0 14 41
31 3.2 14 11
32 2.4 52 40
33 3.8 52 87
34 1.9 1 94
35 1.5 21 89
36 5.3 1 16
37 39.8 25 89
38 1.2 55 41
39 2.4 14 42
40 2.1 51 69
41 1.7 76 69
42 1.9 61 48
43 2.3 56 36
44 1.4 55 39
45 1.4 27 15
46 1.3 75 76
47 2.1 89 31
48 1.0 21 42
49 3.9 76 94
50 6.2 92 72
51 63.6 55 42
52 1.1 66 41
53 1.0 78 11
54 1.4 25 69
55 2.0 93 39
56 1.5 1 63
57 1.5 89 25
58 4.1 52 48
59 1.9 51 54
60 10.4 51 57
61 1.1 14 40
62 1.5 48 13
63 4.1 26 54
64 1.0 51 44
65 1.9 75 72
66 1.3 55 41
67 24.0 94 16
68 2.1 66 42
69 2.5 66 41
70 1.0 77 40
71 1.1 52 40
72 1.0 92 25
73 20.4 21 7
74 1.1 51 42
75 1.5 1 41
76 4.8 66 16
77 1.3 77 31
78 3.8 14 39
79 1.5 14 94
80 1.2 81 7
81 1.0 56 40
82 1.1 55 25
83 1.7 19 13
84 1.7 55 28
85 4.8 21 16
86 1.5 35 89
87 91.5 55 13
88 1.5 56 89
89 1.7 44 89
90 1.6 55 76
91 2.1 86 87
92 1.3 71 87
93 1.8 35 76
94 1.7 44 86
95 1.5 14 40
96 1.5 21 31
97 3.2 21 15
98 14.3 1 60
99 5.7 61 49
