0 17.0 12 20
1 10.0 76 69
2 10.0 76 69
3 10.0 30 22
4 17.0 62 45
5 8.0 73 93
6 10.0 3 95
7 16.0 3 49
8 10.0 82 58
9 4.0 84 96
10 9.0 5 43
11 15.0 12 94
12 8.0 0 76
13 13.0 13 58
14 11.0 90 22
15 12.0 30 60
16 11.0 12 22
17 10.0 18 5
18 7.0 64 26
19 12.0 34 37
20 10.0 76 96
21 15.0 70 60
22 10.0 62 31
23 1.0 5 16
24 9.0 5 97
25 7.0 4 76
26 8.0 76 97
27 17.0 81 22
28 14.0 34 42
29 11.0 35 52
30 7.0 4 52
31 15.0 43 58
32 9.0 70 57
33 11.0 52 26
34 12.0 18 96
35 15.0 95 58
36 13.0 18 26
37 8.0 82 16
38 9.0 2 56
39 12.0 43 34
40 10.0 18 45
41 8.0 12 60
42 7.0 84 22
43 14.0 76 37
44 11.0 34 43
45 12.0 4 16
46 10.0 4 96
47 7.0 5 69
48 14.0 73 57
49 15.0 3 76
50 14.0 34 22
51 10.0 73 39
52 16.0 85 93
53 12.0 30 34
54 15.0 73 93
55 13.0 62 57
56 8.0 35 93
57 8.0 3 22
58 4.0 43 26
59 8.0 4 31
60 11.0 13 22
61 11.0 2 96
62 11.0 85 94
63 9.0 12 42
64 15.0 47 96
65 10.0 7 31
66 13.0 41 16
67 8.0 12 93
68 8.0 18 34
69 4.0 34 96
70 8.0 2 76
71 8.0 64 93
72 10.0 4 60
73 9.0 59 31
74 12.0 76 34
75 6.0 84 42
76 11.0 30 96
77 4.0 70 95
78 10.0 59 34
79 6.0 76 26
80 11.0 81 97
81 12.0 18 22
82 10.0 7 31
83 12.0 70 93
84 9.0 34 93
85 5.0 9 69
86 15.0 4 56
87 9.0 13 76
88 10.0 76 4
89 4.0 62 22
90 10.0 82 62
91 9.0 76 57
92 17.0 70 60
93 9.0 82 93
94 10.0 47 5
95 5.0 62 93
96 15.0 52 76
97 10.0 84 96
98 4.0 18 19
99 18.0 4 76
