0.2850125802527337
0.26230643112857716
0.22869756895572968
0.0888520787885079
0.087549187190862
0.07088495176268565
0.0677038616615883
0.06690892938573828
0.05512462492596654
0.048899880894042194
0.04438582901786365
0.04244621019512793
0.03879820444173458
0.03828106431693321
0.034178522837168115
0.02959743664652422
0.028134200026593347
0.027128174283400013
0.026196519812865863
0.0235078648189347
0.023460529568331542
0.02328710430814908
0.022545894478303803
0.021976728948608606
0.021484662779362475
0.01974523912959575
0.018648666386517507
0.018420697239497488
0.016766985757763888
0.015435012354258522
0.01517263514789798
0.01505466396422779
0.014664453826482274
0.013691587964933664
0.012640518623821035
0.012174982395175737
0.01112976625545289
0.010824775468527706
0.008403854786044026
0.008254914191834412
0.008122653932796167
0.007966663032900055
0.007813067506945057
0.007665577053332153
0.007406477830101826
0.007050092764378479
0.006759060701546786
0.0065718810152947445
0.006519200010232789
0.006027111531131319
0.005489302721832096
0.0046688799840060346
0.004603378366519985
0.004287121293924014
0.004075824654055946
0.00391124485125722
0.00389775482539861
0.003674500103071531
0.0030806191906995865
0.003053542462942586
0.0029613507040841605
0.0027256693923360586
0.002564785588904327
0.002468563182848897
0.002431261104730492
0.0023533848363780333
0.00229279126929096
0.0022608658663080435
0.0021979669475031254
0.002094315359621482
0.001878719180089489
0.001878719180089489
0.0018484161341304197
0.0017982710159580907
0.0017728303442589158
0.001705670243085209
0.001655450758728433
0.001425012262983815
0.0012996085661515471
0.001193421091380275
0.0011918742747437858
0.001090185954131532
0.001075379646808218
0.0010223119375871387
0.0010223119375871387
0.0010223119375871387
0.0010172769554991344
0.0009903047318013303
0.0009708356647132158
0.000903266549525053
0.0007240775097917955
0.0007148746944665313
0.0006888614031471174
0.0006768363911221053
0.0006098398955541812
0.0
0.0
0.0
0.0
0.0
