0 0.4 47 20
1 17.4 25 12
2 7.5 24 65
3 13.2 74 30
4 7.2 74 12
5 32.6 2 39
6 3.1 58 21
7 3.4 45 13
8 3.3 19 78
9 4.2 29 76
10 0.5 91 16
11 14.3 25 45
12 18.5 38 60
13 27.1 90 12
14 14.9 7 24
15 4.1 28 52
16 2.1 39 16
17 13.9 29 65
18 12.1 29 84
19 0.9 74 1
20 2.4 50 5
21 9.9 58 13
22 21.2 13 12
23 11.5 99 34
24 3.2 90 51
25 11.8 91 34
26 29.1 38 90
27 1.7 55 52
28 13.6 60 49
29 6.7 45 13
30 10.4 94 65
31 5.2 55 11
32 12.2 58 38
33 16.0 58 78
34 12.9 45 13
35 5.8 50 32
36 9.1 60 32
37 7.2 99 20
38 3.1 50 60
39 3.7 94 5
40 0.6 13 45
41 7.8 25 34
42 13.5 25 0
43 3.4 74 78
44 6.2 38 12
45 5.0 74 13
46 3.8 25 32
47 2.1 76 13
48 7.2 91 13
49 28.6 51 78
50 25.8 90 20
51 9.8 47 27
52 0.6 61 13
53 12.5 19 20
54 7.7 45 25
55 33.5 13 27
56 9.9 39 38
57 1.1 61 38
58 7.3 51 2
59 1.0 7 34
60 6.9 77 0
61 11.7 80 60
62 1.4 45 51
63 1.1 28 11
64 0.9 58 60
65 40.7 74 12
66 8.0 19 34
67 1.3 95 21
68 0.5 74 16
69 4.9 50 1
70 7.2 13 37
71 1.6 77 16
72 10.0 28 13
73 8.2 7 16
74 2.7 13 78
75 4.3 94 16
76 11.6 99 1
77 51.9 45 32
78 12.2 74 13
79 1.7 99 38
80 4.2 13 20
81 0.2 29 45
82 18.7 7 84
83 2.5 50 32
84 3.1 24 0
85 41.8 11 13
86 28.0 55 34
87 29.5 47 52
88 0.0 28 27
89 2.3 7 60
90 27.0 38 39
91 26.9 74 25
92 7.1 7 2
93 16.3 99 37
94 1.7 50 2
95 9.9 25 16
96 3.1 91 34
97 9.4 24 12
98 1.2 58 38
99 3.9 47 51
