0 3.2 54 48
1 0.0 9 13
2 12.4 36 78
3 20.0 5 82
4 3.8 54 65
5 32.7 28 47
6 2.8 99 48
7 4.6 9 14
8 5.5 22 95
9 5.3 67 1
10 23.9 81 48
11 30.6 80 65
12 4.8 28 1
13 9.5 9 43
14 9.0 81 24
15 1.3 23 53
16 3.6 10 34
17 15.7 80 92
18 24.0 54 24
19 11.0 47 24
20 8.8 24 47
21 4.9 24 4
22 0.2 54 78
23 14.7 36 1
24 2.0 44 34
25 0.4 24 55
26 20.1 48 36
27 10.2 36 30
28 23.6 70 34
29 17.8 18 46
30 1.0 51 87
31 5.8 67 65
32 2.6 36 25
33 6.5 51 55
34 7.2 18 43
35 1.0 18 1
36 4.2 9 97
37 31.4 10 42
38 2.2 36 48
39 13.0 51 95
40 2.5 9 53
41 6.7 18 47
42 7.2 54 58
43 11.4 28 78
44 0.3 24 65
45 1.1 18 48
46 2.3 51 53
47 9.2 47 58
48 8.6 19 1
49 1.0 19 58
50 14.0 19 95
51 8.5 21 14
52 6.9 28 57
53 3.2 54 53
54 5.8 22 66
55 34.5 18 48
56 15.6 21 55
57 6.8 72 48
58 3.7 59 58
59 1.4 72 87
60 0.2 16 47
61 0.7 47 23
62 8.1 9 95
63 13.9 10 77
64 7.2 16 66
65 17.4 80 87
66 3.1 36 55
67 12.1 36 53
68 3.1 51 15
69 1.9 80 46
70 7.5 16 47
71 6.9 21 95
72 22.4 18 97
73 14.8 23 14
74 1.7 81 48
75 0.0 21 34
76 71.9 51 97
77 3.7 36 53
78 0.2 19 34
79 8.1 82 87
80 13.8 22 32
81 13.9 54 57
82 4.5 23 58
83 47.8 99 32
84 6.2 21 55
85 4.3 59 23
86 10.1 54 14
87 5.5 9 8
88 30.0 81 92
89 4.5 36 58
90 16.2 16 14
91 4.1 75 21
92 2.2 18 14
93 3.6 21 53
94 2.9 54 1
95 4.7 99 65
96 4.3 18 65
97 17.0 72 47
98 0.6 72 58
99 12.0 94 47
