0.17923323643267666
0.1079502712505119
0.07445728941233265
0.06323433470476078
0.04912263022084036
0.04759478831844484
0.040602102440435314
0.03668266411429831
0.03462579988302318
0.03348679379449985
0.028902541263466842
0.027513604931706025
0.027324321117666764
0.0258065415482925
0.024090666833039245
0.0236031137283728
0.01967968495811691
0.019392024272198743
0.018144840557866374
0.018048184343395852
0.017965448944072766
0.01750366913478403
0.01580956825952213
0.015204298161568442
0.013113464573790009
0.013006255687697761
0.012431380838152949
0.011604164953605774
0.01141466333097659
0.01019152572569626
0.009437063047704175
0.008187588917606
0.007768210278047311
0.0077289691027991984
0.006636452404853708
0.006382595315346973
0.00588901360188344
0.005478707560164518
0.005394293589099283
0.005226332298659953
0.005165019240483281
0.004786435625268627
0.004721992447596245
0.004688192492792594
0.004478953012189273
0.004416287355990457
0.0035702475213478285
0.0035389529605188473
0.0035020724729746162
0.0034885843727177216
0.00342541584635377
0.0033830880279746896
0.0032829380067811525
0.0032131369399082807
0.0031624536291074007
0.003128226157747307
0.003039231680852464
0.0030248572379952183
0.0029988542451374464
0.0027759319062728048
0.002738381598780553
0.002679047694629685
0.0025900940635007154
0.0024654568770396917
0.0023828037154783365
0.00231961523334609
0.002192736533110602
0.002129240850737354
0.002040895925267856
0.002022238193252053
0.002000152295284563
0.0019720109365072127
0.0019114867513317798
0.0018660878545916698
0.0016911025035088057
0.0015627194445994692
0.0014421771852828318
0.0013972841412908347
0.0013911957560310039
0.0013647537409508085
0.0012982505609157157
0.0012749607808009824
0.0012617424215284273
0.0012455341642471037
0.001136181439211742
0.001079501256358283
0.0010354746261691384
0.0009306702330960782
0.000902887206052741
0.0008701390738735181
0.000848960886851641
0.0008179879294992004
0.0007399396932305997
0.0007251726010504745
0.0006017658953744972
0.0005998110444409543
0.0005954597799413618
0.0005385346585221888
0.0005359531378486912
0.0
