0 1.2 99 80
1 2.1 38 9
2 1.0 7 10
3 3.5 80 60
4 4.1 67 98
5 1.1 67 30
6 3.3 61 9
7 1.5 73 0
8 1.0 94 50
9 3.6 7 0
10 3.5 65 38
11 1.0 9 43
12 1.2 40 17
13 1.2 61 70
14 1.8 65 38
15 1.3 12 30
16 2.8 29 71
17 1.1 65 90
18 2.5 84 17
19 1.8 94 93
20 2.1 33 40
21 1.5 53 71
22 1.7 0 1
23 2.4 67 93
24 2.5 75 10
25 1.3 84 10
26 1.2 0 38
27 1.8 3 30
28 1.6 88 42
29 1.9 41 0
30 4.8 55 31
31 1.2 80 74
32 2.2 30 67
33 52.0 0 86
34 1.5 65 17
35 1.4 28 81
36 1.1 8 1
37 16.8 76 7
38 2.2 33 67
39 5.1 7 67
40 1.4 65 99
41 1.2 78 39
42 1.2 0 23
43 1.0 49 17
44 1.3 4 23
45 1.1 74 98
46 9.9 29 8
47 3.3 1 19
48 1.3 26 59
49 28.0 4 67
50 1.3 7 68
51 2.8 61 52
52 3.4 44 10
53 1.8 73 10
54 2.3 8 71
55 2.9 84 9
56 1.3 68 89
57 1.5 92 8
58 1.1 65 8
59 1.3 73 14
60 1.5 12 83
61 1.1 19 10
62 1.1 4 8
63 1.6 25 1
64 1.1 85 90
65 1.1 75 97
66 2.2 18 92
67 1.5 91 81
68 1.7 65 15
69 6.9 67 19
70 6.6 7 60
71 2.2 32 9
72 2.3 33 19
73 1.6 67 93
74 1.1 75 19
75 3.2 84 17
76 1.5 73 38
77 1.0 18 72
78 5.0 85 38
79 2.3 73 78
80 2.4 8 80
81 1.4 67 1
82 14.1 21 23
83 1.1 98 92
84 1.0 2 12
85 2.3 31 86
86 1.2 65 29
87 4.5 5 33
88 6.1 7 28
89 2.2 92 12
90 9.6 77 8
91 3.7 67 88
92 4.5 41 20
93 1.6 37 17
94 1.1 26 75
95 1.7 54 42
96 1.1 61 32
97 2.2 7 93
98 1.1 46 59
99 1.0 14 1
100 1.2 0 25
101 6.9 38 88
102 1.2 9 41
103 1.0 79 1
104 1.7 85 67
105 1.1 65 17
106 1.8 19 17
107 1.6 65 1
108 1.5 9 47
109 1.3 84 58
110 16.7 14 85
111 1.3 35 38
112 2.1 7 96
113 1.7 73 28
114 4.4 56 39
115 8.1 19 71
116 1.2 74 17
117 1.4 57 71
118 11.7 2 98
119 13.5 92 31
120 1.0 9 28
121 8.6 94 8
122 1.0 33 46
123 1.4 73 88
124 2.2 61 55
125 1.1 61 31
126 1.1 25 39
127 1.7 7 20
128 1.4 85 67
129 1.1 79 71
130 1.0 65 12
131 1.1 97 15
132 1.3 73 68
133 1.3 0 99
134 1.7 36 1
135 1.3 85 82
136 8.9 42 8
137 1.7 50 67
138 15.2 85 30
139 1.2 53 86
140 3.4 44 70
141 1.4 45 86
142 2.6 33 54
143 1.5 34 67
144 1.1 41 1
145 5.1 82 60
146 2.3 94 72
147 9.2 19 10
148 1.5 18 1
149 1.1 46 93
150 1.1 98 79
151 1.2 61 41
152 3.4 97 59
153 81.3 97 39
154 3.9 7 13
155 1.6 31 15
156 1.4 74 28
157 1.7 0 90
158 1.4 16 15
159 1.0 33 13
160 24.0 97 17
161 4.4 84 53
162 2.5 33 86
163 1.8 67 39
164 1.4 28 58
165 5.4 4 85
166 3.0 37 38
167 2.6 65 83
168 6.3 41 86
169 1.2 74 30
170 5.2 7 39
171 2.7 7 19
172 10.9 33 35
173 1.0 4 55
174 1.3 41 8
175 2.2 10 90
176 1.1 55 42
177 1.7 30 17
178 1.9 0 53
179 2.3 55 8
180 1.0 90 10
181 2.6 91 50
182 1.0 67 83
183 1.7 33 83
184 1.2 84 38
185 1.5 9 13
186 109.8 29 8
187 2.1 46 0
188 2.5 99 65
189 1.0 61 15
190 1.1 23 38
191 3.8 67 71
192 1.6 94 38
193 1.1 5 39
194 3.6 33 19
195 2.6 74 87
196 1.0 24 10
197 12.1 96 20
198 1.7 0 13
199 1.2 97 1
200 2.0 33 10
201 1.0 67 1
202 1.2 61 71
203 3.6 74 12
204 5.1 4 53
205 1.0 33 81
206 1.1 65 14
207 1.5 67 93
208 8.8 93 10
209 50.4 65 12
210 1.5 0 71
211 2.2 38 69
212 6.0 32 67
213 1.6 23 90
214 12.2 33 86
215 1.4 24 43
216 2.1 33 19
217 1.8 76 23
218 1.0 73 86
219 2.7 25 8
220 1.1 41 90
221 3.8 32 10
222 2.1 1 25
223 1.0 67 41
224 1.9 7 15
225 48.3 17 10
226 2.2 73 90
227 1.9 50 13
228 7.6 33 39
229 6.5 7 71
230 1.7 24 60
231 1.7 23 12
232 1.4 91 99
233 3.9 35 53
234 2.6 94 8
235 1.1 64 10
236 1.3 80 67
237 1.3 56 8
238 1.6 0 79
239 1.2 19 68
240 1.9 61 42
241 1.8 23 14
242 1.5 19 15
243 1.5 23 39
244 1.2 9 21
245 1.8 24 41
246 96.2 84 46
247 1.7 73 1
248 2.3 75 13
249 1.4 30 8
250 1.0 91 16
251 1.3 11 78
252 4.5 80 88
253 1.1 33 93
254 1.1 19 98
255 1.4 37 93
256 1.8 29 38
257 1.1 74 86
258 1.5 84 44
259 1.2 65 17
260 2.7 85 86
261 1.0 7 59
262 3.3 19 35
263 1.0 41 71
264 2.0 80 39
265 1.0 84 64
266 3.8 33 12
267 4.7 80 84
268 17.4 19 38
269 1.7 85 96
270 1.0 75 70
271 1.2 4 13
272 1.2 85 17
273 1.4 0 42
274 2.1 79 71
275 1.0 23 93
276 1.3 24 67
277 2.0 7 83
278 73.5 32 1
279 4.1 5 88
280 1.1 65 59
281 1.3 17 55
282 1.0 64 61
283 3.1 93 1
284 1.2 84 47
285 7.6 41 59
286 1.1 84 19
287 5.6 84 16
288 2.4 53 38
289 4.3 5 94
290 2.2 65 88
291 1.0 33 8
292 3.0 67 1
293 1.5 90 68
294 1.1 74 42
295 1.7 37 19
296 8.3 74 47
297 1.7 67 93
298 2.5 92 67
299 5.0 67 44
300 4.0 72 81
301 1.2 0 17
302 9.8 80 67
303 1.0 0 13
304 3.8 75 30
305 1.0 28 42
306 1.3 7 68
307 1.9 73 81
308 1.0 24 54
309 4.0 50 20
310 1.9 73 69
311 1.7 63 17
312 2.0 7 15
313 35.8 78 8
314 18.1 7 62
315 1.5 46 15
316 1.0 28 39
317 1.0 28 93
318 2.8 97 72
319 1.2 33 20
320 1.7 80 67
321 44.2 7 86
322 1.7 44 92
323 1.1 0 54
324 2.8 47 59
325 2.7 50 0
326 1.3 84 68
327 1.7 84 86
328 1.8 74 90
329 1.1 42 33
330 1.5 83 79
331 1.0 0 84
332 1.1 61 81
333 1.2 4 92
334 2.7 7 8
335 1.2 60 53
336 9.4 0 38
337 1.2 11 8
338 4.1 84 86
339 1.3 85 17
340 1.2 0 59
341 1.1 8 93
342 1.7 0 38
343 1.4 33 67
344 1.6 0 78
345 2.6 65 89
346 3.0 12 71
347 1.1 25 0
348 1.2 55 8
349 6.3 84 11
350 1.1 21 8
351 1.2 42 60
352 3.5 57 71
353 2.0 93 97
354 1.4 33 0
355 1.1 63 41
356 1.7 92 1
357 5.3 7 13
358 1.8 24 30
359 1.5 67 5
360 4.0 18 47
361 1.7 25 8
362 4.4 94 1
363 1.3 75 0
364 1.7 91 19
365 3.0 49 10
366 2.2 0 20
367 1.1 85 15
368 15.3 38 90
369 4.1 21 78
370 2.5 33 8
371 3.5 7 15
372 1.5 61 84
373 2.5 77 72
374 2.3 58 98
375 1.3 67 79
376 2.0 7 54
377 2.0 35 41
378 1.6 19 10
379 1.7 33 8
380 2.1 61 87
381 15.9 85 17
382 8.2 76 38
383 1.0 0 38
384 5.6 74 68
385 1.1 33 20
386 2.7 74 6
387 2.0 74 50
388 1.2 30 10
389 3.2 90 88
390 1.9 19 38
391 25.6 84 30
392 1.1 65 88
393 1.0 33 5
394 1.0 4 15
395 1.2 93 17
396 1.4 49 8
397 1.3 61 17
398 1.5 17 50
399 2.7 73 67
400 2.6 19 78
401 1.0 7 41
402 6.4 0 86
403 1.1 4 42
404 1.5 37 41
405 3.9 98 38
406 3.4 33 19
407 1.7 84 12
408 1.8 33 12
409 1.3 41 17
410 1.8 28 8
411 2.3 23 55
412 2.2 84 1
413 2.4 65 64
414 1.1 61 38
415 1.0 91 8
416 1.1 24 23
417 1.4 74 99
418 1.1 94 17
419 2.2 67 93
420 2.6 38 71
421 1.6 4 71
422 2.3 53 46
423 7.9 73 86
424 8.2 93 30
425 2.1 92 86
426 2.4 4 82
427 115.0 80 19
428 1.8 85 64
429 1.6 7 30
430 1.9 85 75
431 1.4 80 71
432 1.2 74 72
433 4.1 33 38
434 56.0 74 28
435 3.4 0 19
436 1.2 28 47
437 1.0 0 10
438 1.0 67 38
439 12.1 0 71
440 1.2 19 35
441 3.1 65 17
442 1.0 41 94
443 1.6 30 10
444 2.8 30 18
445 2.2 42 10
446 3.1 49 38
447 1.0 77 71
448 1.0 30 59
449 1.2 7 38
450 1.7 30 8
451 1.4 33 90
452 1.2 7 30
453 1.0 41 17
454 1.2 65 15
455 1.2 73 90
456 1.1 77 0
457 1.0 80 86
458 3.2 67 41
459 1.9 19 28
460 1.2 19 37
461 1.8 61 1
462 2.3 4 10
463 1.0 61 39
464 1.0 65 54
465 2.5 55 17
466 1.2 67 10
467 1.9 65 0
468 1.8 59 20
469 4.1 19 38
470 1.2 61 6
471 1.0 67 19
472 3.2 41 59
473 1.1 26 86
474 10.2 35 68
475 2.5 33 71
476 1.6 84 15
477 1.0 55 1
478 1.1 73 38
479 2.6 0 88
480 1.0 61 1
481 2.1 7 59
482 1.7 61 38
483 61.9 94 86
484 1.4 33 71
485 1.7 94 90
486 10.6 7 93
487 6.1 17 8
488 1.4 33 14
489 2.2 61 15
490 4.1 53 93
491 3.2 51 38
492 2.6 68 1
493 1.7 7 67
494 2.9 93 8
495 4.3 74 88
496 13.5 92 59
497 2.6 30 10
498 1.0 67 71
499 2.8 74 41
500 4.1 7 62
501 1.2 67 93
502 1.4 8 57
503 1.0 5 87
504 3.3 33 10
505 2.8 67 8
506 3.2 24 71
507 1.2 84 90
508 1.4 4 82
509 1.0 0 2
510 1.4 67 41
511 1.4 30 28
512 1.8 75 43
513 1.3 23 68
514 1.2 27 0
515 1.6 0 14
516 2.7 65 67
517 25.5 56 39
518 2.0 25 9
519 2.2 30 41
520 4.1 41 1
521 1.1 42 95
522 1.1 4 9
523 1.0 73 41
524 6.4 77 70
525 1.7 18 25
526 1.0 33 8
527 1.5 43 15
528 1.0 0 53
529 1.0 7 13
530 34.4 33 53
531 1.2 33 7
532 1.2 65 1
533 1.1 80 30
534 4.3 7 67
535 1.1 4 93
536 1.0 23 4
537 1.3 73 88
538 2.5 30 15
539 3.7 8 1
540 1.6 22 4
541 7.0 67 1
542 1.0 75 90
543 2.7 33 13
544 1.6 8 39
545 1.1 91 40
546 3.6 26 92
547 17.2 35 1
548 2.0 61 2
549 2.2 68 55
550 3.4 84 44
551 1.1 84 18
552 1.3 19 15
553 4.0 54 39
554 1.0 25 39
555 3.9 0 68
556 3687.7 41 15
557 4.0 40 35
558 1.1 65 90
559 1.0 0 39
560 11.3 84 28
561 1.4 61 67
562 5.1 61 70
563 1.1 25 88
564 1.0 93 38
565 1.2 7 15
566 1.1 55 23
567 59.8 7 99
568 1.7 54 46
569 1.3 33 11
570 29.4 33 88
571 17.3 23 58
572 1.3 91 55
573 5.3 61 41
574 1.2 8 93
575 2.3 80 43
576 1.8 53 93
577 1.4 7 14
578 1.3 68 38
579 2.6 95 28
580 1.5 73 71
581 1.4 73 88
582 2.9 61 72
583 1.5 84 4
584 1.2 33 17
585 1.6 77 80
586 1.3 11 1
587 1.6 0 30
588 1.5 12 88
589 1.0 41 1
590 1.5 36 39
591 7.0 7 90
592 2.3 67 86
593 1.9 73 67
594 1.2 24 69
595 1.1 67 43
596 1.1 35 41
597 4.0 30 82
598 1.8 59 8
599 1.4 84 15
600 1.1 80 39
601 1.3 4 70
602 3.5 48 10
603 1.3 19 75
604 1.1 84 71
605 2.2 67 83
606 1.3 73 10
607 7.9 96 84
608 18.5 25 28
609 1.4 84 55
610 2.8 33 19
611 1.0 33 27
612 1.9 65 9
613 1.0 19 17
614 1.2 67 60
615 1.6 4 56
616 1.6 98 79
617 5.4 59 20
618 1.6 92 8
619 1.3 17 1
620 4.5 73 13
621 2.9 74 8
622 1.0 53 15
623 1.7 74 13
624 2.0 28 52
625 1.7 80 30
626 1.0 4 1
627 1.2 61 53
628 1.4 61 54
629 1.4 16 42
630 2.4 61 1
631 1.2 8 0
632 1.9 7 86
633 2.0 72 30
634 1.6 80 39
635 1.1 0 6
636 1.5 61 1
637 4.4 19 98
638 1.9 0 38
639 2.7 63 28
640 1.0 0 10
641 4.7 30 1
642 2.5 7 8
643 2.2 30 71
644 2.0 73 39
645 1.2 35 93
646 32.0 80 10
647 1.0 7 79
648 2.6 84 8
649 1.2 73 67
650 1.6 33 86
651 1.5 25 17
652 11.9 89 1
653 2.0 41 64
654 1.0 38 10
655 1.1 94 0
656 2.5 33 48
657 17.0 21 38
658 2.1 69 60
659 1.1 78 51
660 4.0 19 93
661 16.7 33 96
662 1.2 85 30
663 1.3 77 52
664 2.2 55 8
665 1.1 74 46
666 2.3 78 67
667 3.0 65 88
668 2.5 9 21
669 2.8 94 65
670 28.1 0 49
671 3.5 92 93
672 1.0 26 10
673 1.9 79 80
674 1.0 55 15
675 5.5 41 71
676 1.3 33 71
677 4.6 24 9
678 2.1 45 16
679 2.8 35 17
680 1.0 84 99
681 6.2 65 19
682 1.0 65 61
683 1.2 67 88
684 6.2 40 38
685 1.2 7 15
686 1.0 74 39
687 1.1 7 53
688 5.1 22 81
689 1.0 97 39
690 30.0 25 23
691 1.3 0 86
692 1.0 87 41
693 4.1 80 86
694 4.4 16 52
695 1.2 85 71
696 1.1 65 97
697 1.3 73 86
698 3.7 19 8
699 1.0 0 67
700 3.0 61 1
701 1.3 16 17
702 1.0 99 13
703 2.1 8 94
704 2.9 30 8
705 1.0 98 55
706 3.3 65 71
707 4.3 67 39
708 2.5 53 97
709 2.9 2 67
710 1.3 19 17
711 1.2 67 78
712 1.0 75 46
713 2.9 28 15
714 4.4 84 54
715 1.2 58 10
716 1.3 49 13
717 1.1 24 88
718 1.0 41 39
719 5.8 64 48
720 1.0 0 36
721 1.1 76 17
722 1.1 4 8
723 1.5 65 10
724 1.0 84 17
725 1.1 22 13
726 4.2 10 1
727 1.0 73 86
728 7.3 41 8
729 8.7 87 13
730 1.0 24 1
731 2.1 38 71
732 6.6 33 67
733 2.9 61 10
734 2.5 84 42
735 11.1 80 84
736 1.4 54 10
737 1.0 97 5
738 1.9 76 30
739 1.2 80 39
740 6.1 74 69
741 2.1 33 9
742 2.8 30 10
743 7.3 61 15
744 1.2 38 18
745 1.0 19 69
746 1.3 0 3
747 1.7 85 38
748 1.5 73 0
749 1.0 79 31
750 2.3 5 67
751 6.4 19 17
752 1.4 3 39
753 1.2 74 13
754 1.0 61 12
755 1.3 34 1
756 3.8 84 13
757 1.0 38 1
758 4.1 33 30
759 4.1 0 15
760 1.9 61 42
761 1.3 84 8
762 3.9 97 54
763 2.0 70 8
764 2.6 85 68
765 1.1 7 86
766 1.0 46 10
767 8.1 21 30
768 25.6 80 47
769 1.3 30 1
770 2.6 84 30
771 7.3 0 68
772 1.3 55 84
773 1.4 61 8
774 4.6 61 39
775 4.2 38 1
776 8.9 94 61
777 1.6 7 51
778 2.3 8 2
779 1.2 85 0
780 3.1 51 67
781 2.2 93 81
782 3.0 39 43
783 3.2 80 78
784 2.1 67 19
785 3.7 74 2
786 2.9 33 1
787 1.7 84 63
788 1.5 84 8
789 1.3 33 99
790 1.0 30 10
791 1.0 33 38
792 1.3 50 38
793 1.3 41 10
794 2.2 46 38
795 1.1 74 8
796 1.4 25 8
797 22.7 80 88
798 1.0 30 90
799 2.0 84 88
800 1.6 74 16
801 1.0 55 93
802 2.8 33 55
803 1.6 62 97
804 2.8 77 87
805 2.0 4 88
806 2.7 61 84
807 1.7 67 71
808 1.0 30 86
809 1.4 43 38
810 2.2 92 38
811 1.0 67 71
812 1.0 7 60
813 3.4 61 60
814 3.3 37 86
815 1.7 8 39
816 1.0 80 93
817 5.5 61 98
818 13.1 20 39
819 3.7 18 10
820 1.4 58 15
821 2.2 66 23
822 2.0 0 34
823 4.7 33 0
824 1.2 5 93
825 2.9 73 86
826 7.7 55 42
827 1.0 65 43
828 4.1 33 52
829 1.9 0 59
830 1.9 92 68
831 1.7 0 81
832 1.0 73 1
833 1.0 33 19
834 4.0 7 67
835 1.2 53 68
836 43.4 61 71
837 1.2 7 17
838 1.5 32 13
839 12.3 61 71
840 5.3 7 1
841 13.5 67 88
842 1.1 91 69
843 1.1 7 88
844 1.9 19 1
845 1.1 75 69
846 1.1 61 39
847 6.3 10 1
848 1.5 19 25
849 7.3 56 1
850 3.0 93 67
851 3.6 98 79
852 1.2 7 15
853 3.5 34 73
854 1.8 67 8
855 1.1 38 13
856 2.6 73 39
857 1.8 76 15
858 1.0 19 8
859 6.2 33 46
860 1.9 10 41
861 2.7 85 1
862 1.0 33 0
863 2.1 67 86
864 1.3 5 67
865 6.5 33 8
866 3.4 67 68
867 2.0 0 90
868 1.6 39 72
869 1.1 7 70
870 3.9 0 43
871 5.2 7 60
872 1.0 41 48
873 1.6 10 15
874 2.1 31 45
875 1.1 33 92
876 1.0 33 67
877 1.7 33 39
878 1.0 80 71
879 1.0 65 55
880 1.2 7 40
881 1.7 0 62
882 1.6 28 71
883 1.5 52 42
884 2.0 30 15
885 3.1 84 1
886 1.5 8 0
887 3.1 80 23
888 1.2 31 10
889 4.0 65 1
890 4.2 26 67
891 1.2 16 41
892 2.3 33 15
893 1.6 65 8
894 20.8 18 13
895 1.6 0 30
896 1.2 61 88
897 2.1 33 60
898 2.3 67 10
899 1.0 79 1
900 2.0 39 44
901 1.4 29 93
902 1.2 75 38
903 1.4 5 13
904 1.4 44 93
905 1.7 67 12
906 6.2 7 8
907 1.3 74 93
908 1.9 84 81
909 3.9 8 39
910 1.6 33 71
911 1.1 7 8
912 1.4 33 8
913 1.4 33 21
914 1.4 79 20
915 8.7 73 48
916 1.3 7 34
917 1.0 60 88
918 2.3 35 10
919 1.3 84 10
920 1.3 26 71
921 1.1 65 47
922 7.1 30 81
923 13.8 24 13
924 4.2 85 39
925 1.0 73 93
926 7.4 61 60
927 9.1 0 93
928 1.0 84 1
929 1.2 1 39
930 1.0 67 41
931 1.4 19 81
932 1.0 94 54
933 1.3 80 8
934 1.0 67 98
935 1.2 42 93
936 2.7 33 71
937 1.0 2 1
938 7.3 19 94
939 1.0 67 8
940 5.2 54 59
941 3.2 73 28
942 1.2 73 87
943 1.5 4 66
944 1.4 35 84
945 6.8 61 57
946 17.4 3 17
947 145.6 5 61
948 1.1 35 84
949 6.8 59 43
950 3.8 33 86
951 2.1 14 1
952 2.2 61 8
953 1.0 74 53
954 1.1 33 38
955 1.3 50 93
956 2.4 22 1
957 2.7 30 59
958 1.9 61 10
959 2.4 85 93
960 1.5 5 8
961 2.4 7 10
962 5.0 2 87
963 12.8 74 67
964 4.6 19 41
965 1.2 0 81
966 1.0 75 35
967 1.7 33 99
968 1.9 42 0
969 4.6 84 1
970 1.6 74 4
971 1.2 33 8
972 1.5 59 90
973 1.5 29 94
974 1.9 19 44
975 1.0 61 2
976 4.1 85 8
977 1.3 30 53
978 2.3 84 35
979 1.0 67 8
980 2.8 74 57
981 2.3 77 63
982 1.8 24 59
983 1.8 91 15
984 2.4 12 68
985 1.7 0 1
986 1.5 93 17
987 4.3 5 93
988 1.7 7 8
989 3.1 19 95
990 1.9 28 42
991 9.5 32 17
992 1.3 61 87
993 1.6 7 38
994 1.7 0 13
995 6.4 74 3
996 10.1 41 30
997 1.4 84 8
998 1.1 0 81
999 1.1 16 59
