0.2765576506513121
0.2316996888219252
0.22612572413967616
0.20969678924624544
0.12285899072346669
0.0663333328862507
0.06409491752849192
0.0526088219849648
0.04299829204298169
0.03669350911065778
0.03032037629967711
0.028195847877356833
0.027551335034328227
0.02542677785820498
0.02498024003556358
0.023778723085718614
0.02039932856259387
0.02015465528552582
0.019173344807234722
0.018807174581757142
0.01865317794507652
0.018357644658619596
0.017691416737245596
0.01768694843894302
0.017671006585663365
0.017601672703713517
0.01712710861597688
0.016791200279140907
0.015393985018045165
0.01459410284394823
0.01238814934405132
0.011500634287021569
0.01096746596128167
0.01088780413622312
0.010737323280369209
0.010372446102192543
0.01016514349847683
0.009997024723369805
0.009414111965132373
0.009315925557178039
0.008941224834855016
0.008373801661116589
0.007733810652250755
0.0075746398610376745
0.007046657046657047
0.00693442622577913
0.006697891233978396
0.005816357568177914
0.0056766092680458425
0.005493302135231635
0.004576376004947433
0.004396261106217815
0.004365564461420985
0.0035583978661209545
0.0035514426593585523
0.0033635676492819347
0.00316124782680783
0.003001344838079532
0.002903634373705656
0.002766741836005905
0.002384968154912496
0.002349465738457698
0.0023466509783763947
0.0021427426189330944
0.002105918772585439
0.0020844990232745325
0.002036822666194032
0.0019181559679577068
0.0017728303442589154
0.0016987505930642992
0.0016723095727424733
0.001623949242996862
0.0015572004440279022
0.0015026431229276
0.0014699053787416403
0.0013839569807411489
0.001250821774940513
0.0011372225657939944
0.00104445818731533
0.0009873346608040485
0.000929893361866151
0.0009276437847866417
0.0008979159025541213
0.0008979159025541213
0.0008764375183670175
0.0008253902811725941
0.0008073936645365216
0.0007495665195108609
0.0006602996398914767
0.0004417351356126866
0.0003092145949288806
0.0003092145949288806
0.0002462264367026272
0.0
0.0
0.0
0.0
0.0
0.0
0.0
