0 4.7 93 26
1 1.8 22 45
2 2.2 27 90
3 1.3 69 71
4 1.3 7 27
5 1.4 18 32
6 2.7 10 21
7 1.6 81 44
8 1.3 91 38
9 1.3 80 45
10 2.2 93 73
11 2.1 26 51
12 1.0 91 54
13 1.0 0 23
14 1.3 18 69
15 2.4 42 71
16 7.7 87 70
17 1.5 27 34
18 4.0 69 76
19 1.1 36 87
20 2.1 19 39
21 1.5 91 69
22 6.6 19 51
23 2.1 97 35
24 1.8 86 73
25 4.6 23 36
26 1.5 5 16
27 4.9 94 38
28 5.5 0 39
29 1.0 23 51
30 1.0 0 54
31 1.1 81 26
32 2.1 0 36
33 1.1 27 54
34 1.7 19 90
35 3.4 66 77
36 132.1 18 27
37 1.9 78 70
38 1.5 86 90
39 8.7 36 70
40 22.4 19 51
41 2.5 29 77
42 6.2 66 32
43 2.0 94 45
44 6.2 97 51
45 4.2 86 76
46 1.1 29 38
47 3.4 18 7
48 3.4 93 94
49 4.7 61 44
50 1.5 23 71
51 1.8 80 90
52 1.3 10 32
53 8.5 78 5
54 5.0 18 16
55 93.0 18 73
56 4.0 29 60
57 1.2 7 77
58 1.2 7 32
59 1.2 94 46
60 13.0 18 9
61 1.2 18 36
62 1.3 25 38
63 1.0 61 18
64 5.8 0 44
65 2.2 36 27
66 2.3 97 18
67 1.1 71 76
68 3.4 18 51
69 1.2 17 44
70 2.7 25 39
71 1.0 42 27
72 1.7 66 71
73 1.2 78 70
74 2.6 42 47
75 16.5 0 35
76 1.1 23 38
77 3.0 27 73
78 1.2 17 34
79 1.1 66 38
80 1.1 94 26
81 1.0 18 39
82 2.4 90 42
83 2.0 27 87
84 9.2 27 32
85 26.7 19 70
86 1.0 10 94
87 1.2 27 90
88 5.0 23 73
89 1.6 0 31
90 1.8 22 44
91 22.7 36 54
92 1.3 25 87
93 1.4 81 26
94 1.6 97 27
95 1.0 0 60
96 1.3 61 54
97 1.0 90 77
98 6.1 94 27
99 1.1 71 42
