0.42795868701503675
0.22491502738055896
0.1459550977139831
0.13034667611953074
0.11311580966624804
0.06756136851993377
0.06651225386537693
0.05508057735585109
0.050042336668805434
0.049068669402257376
0.04216736846606977
0.03576465006127782
0.033173157724796565
0.028556770424426583
0.028137829096394344
0.027074980723712935
0.02676082764208923
0.02594557862028486
0.023825624088456496
0.02323174031584668
0.02310695557448804
0.02256952848916907
0.0197863429774376
0.019238003916420738
0.01900229514638915
0.01604087865683413
0.014448394318524188
0.013016833254928493
0.012158832224131071
0.011530761778133452
0.008880542028346601
0.008868804184203072
0.00875985543579854
0.008478531558672706
0.008141991428942577
0.008048790342616964
0.006977437002174171
0.00678651154841631
0.004917929391355126
0.00372466009448075
0.003655618528840544
0.0031574245859960146
0.00299007321270772
0.0028618207189635763
0.0027537277537277535
0.002742193558520089
0.002701537565483143
0.00250607193839032
0.0024590740577135127
0.0024535932699198
0.002274935948405336
0.0020781624523121115
0.0020524323245411672
0.0020028598259890775
0.001990425799949609
0.0019534509330427696
0.0018952765551405006
0.0018493234015806682
0.0018278018278018277
0.0018022793532997616
0.0017977006845281427
0.0017977006845281427
0.001767029781872082
0.0017556517556517554
0.0015220526634183004
0.0015039445311554156
0.0013193156050298907
0.0011852551122804676
0.0011662818085387112
0.00116470830756545
0.001146384479717813
0.001122222906391119
0.0010612918312361726
0.0009814700290890765
0.000965436679722394
0.000937296515527808
0.0009065952943503961
0.0008761080189651618
0.000856311740665482
0.0008245722531436816
0.0007884972170686456
0.000761836367896974
0.0006657134981191876
0.0006650567875057672
0.0005913398770541628
0.0005860352799128308
0.0
0.0
0.0
0.0
0.0
0.0
0.0
0.0
0.0
0.0
0.0
0.0
0.0
0.0
