0 13.0 24 61
1 13.0 47 61
2 12.0 95 6
3 13.0 20 5
4 11.0 13 57
5 7.0 35 40
6 9.0 87 60
7 14.0 47 6
8 8.0 20 10
9 6.0 52 67
10 11.0 95 66
11 7.0 78 47
12 10.0 13 5
13 9.0 52 10
14 7.0 74 66
15 6.0 52 61
16 12.0 45 49
17 10.0 47 83
18 15.0 53 10
19 9.0 39 66
20 8.0 24 57
21 13.0 15 83
22 7.0 52 14
23 5.0 24 66
24 5.0 87 72
25 14.0 58 36
26 9.0 95 16
27 11.0 45 6
28 8.0 16 3
29 5.0 87 36
30 12.0 39 98
31 8.0 91 61
32 12.0 20 47
33 14.0 67 72
34 9.0 10 83
35 10.0 24 49
36 11.0 92 66
37 9.0 88 83
38 16.0 74 67
39 8.0 45 49
40 14.0 16 83
41 13.0 13 83
42 12.0 53 49
43 9.0 35 13
44 15.0 35 40
45 10.0 15 11
46 11.0 15 20
47 8.0 95 49
48 15.0 74 72
49 13.0 16 60
50 4.0 31 67
51 9.0 16 57
52 8.0 53 36
53 8.0 13 14
54 9.0 86 10
55 13.0 70 36
56 8.0 23 66
57 8.0 47 66
58 7.0 20 36
59 8.0 19 49
60 13.0 13 67
61 13.0 19 3
62 7.0 16 68
63 7.0 95 72
64 7.0 24 7
65 17.0 45 68
66 11.0 39 40
67 15.0 35 36
68 12.0 95 67
69 11.0 88 67
70 11.0 87 83
71 12.0 53 83
72 8.0 35 67
73 13.0 95 29
74 6.0 16 72
75 7.0 87 29
76 7.0 39 6
77 8.0 74 10
78 10.0 95 94
79 12.0 77 98
80 9.0 86 72
81 10.0 15 10
82 6.0 87 49
83 8.0 82 40
84 13.0 88 14
85 13.0 87 66
86 17.0 16 61
87 6.0 9 49
88 6.0 13 10
89 12.0 47 68
90 8.0 16 83
91 6.0 24 61
92 8.0 87 16
93 8.0 88 11
94 10.0 88 11
95 13.0 52 67
96 10.0 77 36
97 10.0 10 24
98 8.0 87 29
99 9.0 86 57
