0.0810191021402984
0.07262629984365274
0.06496612378621114
0.057837301846310626
0.05783063044387411
0.05146178495159652
0.050956504008272965
0.04939357019380022
0.04855848487432768
0.048097324562410615
0.043765665349923176
0.037525434300859875
0.03729442549340977
0.035597922988659304
0.03136430225750127
0.016354811302240174
0.014969866533282684
0.011288649929413514
0.011040630599464604
0.010909417608360488
0.009824242084402393
0.008316381120002077
0.008103644264950884
0.008065854326987903
0.007940321638140829
0.007937991677100974
0.0078010776105988
0.007800919094604784
0.007794223343553054
0.007717193645019031
0.007714183588942589
0.007670449127410247
0.00765509961258319
0.007640142133967663
0.0076055712111175325
0.007577001972301748
0.007560112552108848
0.00753560591547977
0.007522578893458181
0.007508704262430454
0.007474428402501656
0.007473113484950355
0.007460904467543644
0.0073815435155491025
0.007381132230438656
0.007342768368261777
0.007336829853867344
0.00732396153584865
0.007323605469824621
0.007312617344721127
0.007260800062319459
0.007240273443218744
0.007230512685072513
0.007173302653883659
0.00715529640673118
0.007142452580207469
0.007088845960169742
0.007055764536314383
0.007031609644993782
0.00703065827760298
0.006978767432608014
0.006967984451270134
0.006812410741801923
0.006747678007338152
0.006742723859337571
0.006740553645042285
0.006738782784598723
0.006713365334047783
0.006647653901325989
0.006589460707254124
0.00656525093195814
0.006518170050176607
0.006502495872625796
0.006429184985124396
0.006421682213130465
0.006416434177661113
0.0063063799308581674
0.006287460248188086
0.0062316393018596785
0.006177609636607206
0.006135318987232596
0.006094970552942843
0.006088993970643135
0.006011072014172473
0.005941918735178048
0.005934503509707593
0.0059116592071385135
0.0059050604189972225
0.005900489302569924
0.005782442543910447
0.00572965018920936
0.005724528872205983
0.005623980983007826
0.00546349925798818
0.005390410350122469
0.0052593599142690284
0.005151002267599562
0.005079874887816259
0.0050624368922551465
0.005030975616404618
