0 1.8 7 33
1 4.7 70 31
2 1.9 1 17
3 1.2 97 95
4 1.2 67 21
5 2.2 31 29
6 2.6 0 82
7 2.6 45 42
8 3.1 77 16
9 2.4 92 8
10 1.4 4 36
11 1.3 67 95
12 7.8 92 22
13 1.5 62 17
14 1.4 62 95
15 1.4 7 71
16 2.1 61 79
17 1.1 61 30
18 13.8 70 48
19 1.9 48 57
20 1.9 19 2
21 2.8 2 14
22 2.4 7 89
23 1.4 31 48
24 1.3 45 72
25 30.8 48 29
26 1.6 32 8
27 17.9 28 17
28 1.7 69 27
29 8.2 62 66
30 1.2 23 36
31 2.0 45 89
32 2.1 81 17
33 5.2 40 22
34 1.9 61 81
35 1.3 32 82
36 3.3 48 0
37 1.6 0 79
38 2.4 32 48
39 30.0 0 57
40 1.0 97 21
41 1.5 31 81
42 2.3 2 71
43 1.0 62 36
44 1.8 98 27
45 4.7 24 48
46 1.0 31 22
47 1.0 32 14
48 2.9 61 27
49 4.2 71 14
50 1.6 92 1
51 62.9 2 95
52 4.0 92 1
53 1.7 32 14
54 1.1 48 66
55 1.4 2 48
56 5.4 1 21
57 2.7 4 21
58 2.4 0 1
59 1.0 24 95
60 1.5 4 14
61 1.3 45 0
62 7.2 92 17
63 8.0 0 29
64 1.1 4 14
65 2.2 28 14
66 1.5 71 89
67 2.2 86 5
68 4.3 86 30
69 1.9 62 72
70 1.3 45 22
71 1.0 92 2
72 1.2 32 89
73 1.6 62 21
74 5.8 97 81
75 1.1 81 8
76 10.6 86 0
77 2.3 84 8
78 1.6 0 72
79 1.0 70 95
80 2.2 0 77
81 1.2 14 25
82 64.9 45 42
83 1.3 1 79
84 9.3 62 89
85 2.9 32 14
86 1.3 61 81
87 27.4 28 25
88 7.8 2 22
89 2.0 2 66
90 6.1 70 57
91 1.9 2 1
92 2.2 28 27
93 2.4 31 95
94 2.6 62 89
95 33.7 62 48
96 1.8 1 42
97 1.4 28 55
98 1.1 7 14
99 2.8 7 22
