0 15.0 98 34
1 10.0 73 67
2 8.0 96 16
3 12.0 57 88
4 7.0 10 76
5 8.0 10 6
6 11.0 10 26
7 8.0 91 26
8 7.0 71 67
9 6.0 51 92
10 7.0 68 6
11 8.0 75 26
12 11.0 33 34
13 10.0 73 35
14 14.0 61 92
15 7.0 57 69
16 13.0 98 92
17 9.0 16 35
18 7.0 71 85
19 8.0 54 25
20 8.0 64 76
21 9.0 61 82
22 11.0 38 52
23 8.0 64 66
24 14.0 16 30
25 9.0 71 76
26 14.0 68 18
27 10.0 29 34
28 7.0 91 52
29 11.0 51 16
30 8.0 98 35
31 9.0 66 82
32 9.0 80 27
33 8.0 10 34
34 13.0 64 65
35 12.0 51 33
36 2.0 71 35
37 16.0 65 14
38 9.0 54 82
39 6.0 65 26
40 8.0 98 25
41 13.0 61 52
42 9.0 48 66
43 12.0 18 26
44 6.0 48 0
45 9.0 48 67
46 8.0 64 67
47 6.0 54 5
48 13.0 64 88
49 6.0 10 92
50 11.0 68 25
51 9.0 31 12
52 13.0 10 33
53 7.0 98 41
54 8.0 19 34
55 10.0 98 18
56 14.0 57 25
57 8.0 17 25
58 13.0 10 33
59 7.0 53 52
60 9.0 60 65
61 12.0 16 73
62 8.0 98 35
63 10.0 98 65
64 11.0 54 73
65 10.0 60 23
66 8.0 61 41
67 9.0 51 34
68 13.0 98 36
69 13.0 10 27
70 9.0 60 18
71 11.0 80 33
72 8.0 68 73
73 17.0 96 92
74 13.0 73 35
75 9.0 53 34
76 9.0 65 25
77 11.0 60 83
78 12.0 61 82
79 11.0 29 5
80 14.0 57 33
81 15.0 66 52
82 8.0 61 55
83 8.0 48 76
84 5.0 71 41
85 9.0 17 28
86 9.0 98 33
87 10.0 80 18
88 6.0 60 41
89 10.0 51 28
90 11.0 91 26
91 13.0 16 12
92 17.0 10 26
93 10.0 91 16
94 12.0 18 71
95 7.0 53 18
96 13.0 71 33
97 10.0 73 51
98 13.0 51 65
99 10.0 33 16
