0.11452507741687978
0.11169548096594485
0.10187753291588277
0.10064129498412112
0.09646529846775503
0.09411750398274778
0.026583485383048347
0.02648492692523137
0.01986121024950498
0.019400815186716297
0.01905061101916337
0.01840108286465741
0.01816256437107238
0.018161167547596946
0.01741357204454232
0.017183459102858012
0.016793806833158675
0.016535036437510704
0.016488449803926372
0.016275958807686685
0.015962594157619647
0.01579377968440157
0.015443252438502102
0.01537518118159994
0.015239743284786363
0.015145900835392476
0.014901577542268502
0.014723384034485393
0.014480913173615162
0.014359397931044161
0.013959313104812725
0.013880571084474623
0.01308620593890849
0.013044144468682803
0.012799465899047619
0.012785580134147078
0.012401665261843432
0.012305270751303745
0.01226013851149534
0.012238127187881738
0.012222227675863144
0.012143501703400018
0.012048744968173002
0.011854736435684462
0.01164966339043305
0.01159120375085809
0.011550655260113313
0.011475905085841091
0.011452569212981887
0.011406598387771317
0.011182000438800565
0.011067051802869037
0.011002217765688197
0.010876282029514628
0.010804927322496586
0.010765736627972543
0.010642222530300869
0.01054363559529275
0.01044326680869385
0.010331723666449967
0.01030712579310131
0.010263953395705993
0.0102403722471303
0.010201609985951057
0.010094836871189722
0.009938673892629288
0.009690694890373195
0.009510395819488333
0.009211256174572257
0.009037057581554986
0.008866233246491034
0.008819852985802202
0.008732052294933823
0.008672624578738306
0.008565590962236882
0.00856091838651412
0.008521900895569414
0.00850297163298252
0.008402284044313792
0.008372651699828197
0.00834639759424731
0.008294682809982202
0.008221205532616963
0.008142545805848545
0.0080662241466677
0.00802581877875934
0.007979034654892478
0.007911493294391805
0.007900836372216518
0.007898534388649528
0.007836566526182137
0.007425807586993008
0.00702139222211883
0.006744655619334057
0.0066613408807244525
0.006485886931245881
0.006146617688725006
0.00608341532211533
0.005991624172045586
0.00588717286134308
