0 1.2 78 90
1 1.1 90 75
2 7.1 20 39
3 3.3 34 69
4 1.7 20 81
5 5.4 32 77
6 1.2 45 52
7 5.3 99 6
8 11.1 50 40
9 2.5 84 17
10 1.2 34 56
11 14.7 28 92
12 2.3 34 81
13 2.1 24 85
14 6.4 28 85
15 1.1 24 49
16 1.3 90 84
17 1.8 45 49
18 1.4 72 77
19 1.5 45 69
20 1.1 99 86
21 48.6 84 81
22 7.6 50 6
23 1.3 47 42
24 1.0 50 42
25 8.0 44 6
26 1.6 40 30
27 1.3 72 32
28 35.1 35 62
29 1.1 50 49
30 4.2 52 69
31 1.1 6 16
32 1.9 8 88
33 1.0 6 77
34 3.9 78 13
35 7.4 52 84
36 4.5 68 85
37 1.0 8 36
38 1.0 28 32
39 1.4 13 39
40 1.0 91 90
41 2.7 49 75
42 1.1 38 49
43 1.6 91 85
44 2.4 84 52
45 2.4 42 16
46 5.6 8 16
47 1.2 72 81
48 1.4 49 6
49 2.7 32 13
50 2.0 78 30
51 2.2 47 69
52 4.3 20 42
53 1.3 90 16
54 1.3 52 62
55 1.1 50 81
56 4.1 51 42
57 1.8 38 90
58 1.8 47 37
59 2.8 34 52
60 2.1 12 75
61 1.3 6 75
62 1.7 84 92
63 3.8 91 69
64 1.1 19 92
65 1.3 52 16
66 3.7 20 52
67 2.6 78 86
68 1.1 90 81
69 1.6 8 17
70 1.0 51 84
71 4.8 20 16
72 2.5 99 62
73 3.1 12 52
74 1.1 24 52
75 1.3 51 86
76 3.9 51 52
77 2.8 72 69
78 11.2 78 27
79 1.4 83 13
80 1.4 34 85
81 5.5 84 16
82 4.0 49 6
83 3.9 52 6
84 1.6 72 52
85 15.5 50 52
86 1.0 28 6
87 1.0 1 49
88 2.5 90 37
89 1.2 35 86
90 17.5 50 93
91 1.4 83 42
92 5.7 24 38
93 2.0 99 62
94 1.1 90 62
95 5.5 34 62
96 71.2 73 42
97 3.4 78 69
98 1.4 49 75
99 5.5 24 90
