0.30157846429355023
0.28714991306027715
0.1772040747835611
0.1407370143219028
0.13748614557983757
0.11652332704071579
0.07206705028015367
0.0680118840137393
0.061007020762741226
0.05378183936198049
0.04662249498365762
0.040059635831580974
0.03085741533484267
0.030015255479077373
0.025025522474502068
0.023081180053059716
0.02267066518767199
0.02206377019302189
0.021486559318965003
0.01999375026585911
0.01836652891074659
0.018225917329195006
0.013886048100643032
0.013664689716019331
0.013280194232575187
0.011822639327277546
0.011591947986505806
0.01008866531439197
0.0099514194588588
0.00918121938530102
0.008862051532756175
0.008770514196320882
0.00813038057936017
0.0076770902510289165
0.006779243684005589
0.006726086735363173
0.0063370995343784466
0.006167113309970454
0.0060597062297742576
0.00593307549089862
0.00560537346251632
0.005174927113702624
0.005173454663250582
0.005073532421744435
0.005073532421744435
0.004884452797254281
0.004695439984555631
0.00448901061145959
0.003755083300537845
0.003459767745482032
0.003385661842681014
0.003380500829480421
0.0033617679876183264
0.0027983920841063697
0.0026563006154842884
0.002540802494420305
0.002453102453102453
0.00240635215125011
0.0023700726081678455
0.0023102003930699044
0.002236652236652237
0.002145851125442962
0.00205629936613239
0.0019779508725086955
0.0019186170383012756
0.0018950437317784255
0.0017563879808777765
0.0017408454483284414
0.0016877554292520276
0.0016319659176802033
0.0015036991227467414
0.001441283584140727
0.0012255286915150861
0.0010398772303534208
0.0010192629240248286
0.0010015117157974299
0.000999793856936714
0.000982615268329554
0.000966827327371545
0.0009471128518747566
0.0009402414164318923
0.0009402414164318923
0.000930923333520736
0.000930923333520736
0.0006081220366934652
0.0004695480885957076
0.0003092145949288806
0.0
0.0
0.0
0.0
0.0
0.0
0.0
0.0
0.0
0.0
0.0
0.0
0.0
