0 1.0 28 24
1 1.7 37 67
2 3.3 56 81
3 1.2 12 10
4 1.3 15 70
5 1.7 90 70
6 1.8 44 0
7 1.2 29 0
8 1.1 73 34
9 2.9 70 5
10 1.9 11 70
11 1.1 5 0
12 1.5 43 63
13 79.3 77 7
14 1.1 73 38
15 1.0 30 7
16 1.1 28 67
17 22.7 72 66
18 38.7 59 0
19 1.2 41 50
20 1.4 18 97
21 3.1 59 81
22 1.6 54 81
23 1.0 54 81
24 1.1 90 17
25 8.0 44 66
26 6.4 18 48
27 1.0 56 33
28 4.0 29 81
29 2.5 37 0
30 16.6 56 0
31 1.9 63 50
32 1.2 77 48
33 1.9 19 66
34 16.3 82 0
35 1.3 44 34
36 2.0 43 10
37 1.0 70 24
38 1.9 56 48
39 1.2 29 67
40 1.3 77 17
41 4.8 12 63
42 8.1 15 67
43 3.2 15 91
44 8.6 82 10
45 29.6 64 91
46 1.3 29 70
47 1.0 70 50
48 1.4 62 67
49 1.6 36 66
50 1052.4 92 34
51 6.5 41 7
52 1.6 15 86
53 3.6 18 67
54 3.8 43 7
55 1.1 37 2
56 6.0 92 34
57 3.6 12 57
58 2.1 41 86
59 2.0 36 2
60 6.5 70 69
61 1.7 43 0
62 1.1 29 86
63 1.4 11 7
64 1.4 57 63
65 1.4 8 9
66 1.0 77 91
67 1.0 37 67
68 2.5 60 67
69 1.3 67 91
70 2.0 70 91
71 1.2 90 91
72 92.6 44 48
73 2.1 41 50
74 1.4 15 50
75 2.1 43 66
76 1.0 62 16
77 1.0 62 64
78 1.1 59 50
79 1.8 36 38
80 1.5 37 26
81 1.0 43 24
82 9.7 29 66
83 1.6 63 66
84 1.2 59 34
85 2.0 90 69
86 2.7 49 91
87 2.9 70 97
88 1.1 99 0
89 1.7 8 65
90 1.1 56 65
91 1.8 70 69
92 1.0 29 5
93 2.0 90 69
94 1.8 32 67
95 1.8 11 55
96 1.8 11 55
97 2.9 62 17
98 48.8 64 17
99 3.1 77 34
