0.2612669889430594
0.23405617909010182
0.1847774078366315
0.12804085071264668
0.10227130790492497
0.07373962844605646
0.06574333061882627
0.060198353770782725
0.0598544578159151
0.05717214540653009
0.048406384807763526
0.045834026638166464
0.04143175681154508
0.04039240236537336
0.03733817802172418
0.03568194243055096
0.02981826877748883
0.02905244764397517
0.028785603182634723
0.02674241881470227
0.024940379485834028
0.02422106570220361
0.023873165818125618
0.022704446733603854
0.02241438444283219
0.022142550060990165
0.022017302852818874
0.021301392550346677
0.021261534395424303
0.019775829887147135
0.013146037635833554
0.011969688732211924
0.011217298585882381
0.010478435648503674
0.009592004173018398
0.00955456737769663
0.00926796010283951
0.008972652859298429
0.008594126961473903
0.008564498413619882
0.008524261075281484
0.008500601473699803
0.008041464078879047
0.007235701321972195
0.007039936631773365
0.006380127808699237
0.005688403307450928
0.005571529411974682
0.005517750075573204
0.005387335528028169
0.005304231316909115
0.005197856496557795
0.004807230833550453
0.004041625160072539
0.003809900583610067
0.003457477267001074
0.00341618172477789
0.003367501620439159
0.0032912488230979263
0.0029684601113172545
0.0029363190463994417
0.00275421024220544
0.0026291487475961265
0.0025843290221768886
0.0025698224677816513
0.002561103688827506
0.002542635620866913
0.002466217585901823
0.002348328793907025
0.0022511187477173866
0.0020929247119723313
0.0019703537947199047
0.0017865732151446435
0.0016457087885659314
0.0016442035295031038
0.001620866646877051
0.0015632515632515633
0.0015079044127026954
0.0014705838608126795
0.0013796042707607333
0.0013626585055156483
0.0013095810714858335
0.0012686127404742122
0.0012498315605922285
0.001229347395086418
0.0012011997942733873
0.0011819761355939464
0.001180169037311894
0.0009620009620009618
0.0008417508417508416
0.0007558578987150415
0.0007041659639062236
0.000525754050800433
0.0004962032172916527
0.0004638218923933209
0.00041228612657184083
0.0
0.0
0.0
0.0
