0 11.6 67 80
1 28.7 20 75
2 0.0 85 98
3 14.9 85 91
4 9.3 38 74
5 3.9 74 52
6 9.8 92 57
7 8.8 46 1
8 4.4 3 5
9 4.8 87 67
10 51.3 46 88
11 18.2 16 93
12 1.8 11 57
13 3.1 28 19
14 11.2 20 57
15 13.6 91 19
16 10.2 38 64
17 19.6 67 52
18 33.9 11 70
19 30.5 67 74
20 5.9 50 74
21 21.5 38 70
22 10.0 68 93
23 11.4 68 75
24 11.5 28 93
25 6.8 68 19
26 2.9 17 1
27 1.6 49 1
28 2.6 74 46
29 14.7 67 85
30 17.2 49 29
31 0.5 90 1
32 1.0 68 71
33 18.6 91 98
34 4.8 90 88
35 10.0 28 19
36 12.1 11 88
37 9.8 49 1
38 4.9 47 25
39 25.6 38 74
40 15.1 46 57
41 7.0 49 52
42 0.8 17 88
43 2.4 85 88
44 8.9 49 91
45 3.6 99 80
46 4.2 38 88
47 11.8 99 91
48 14.1 15 1
49 0.2 15 74
50 1.7 67 75
51 0.4 90 13
52 19.4 53 88
53 5.4 47 74
54 10.7 49 88
55 10.3 99 71
56 4.5 28 64
57 20.7 17 61
58 14.0 91 29
59 22.5 38 19
60 7.4 46 90
61 7.4 74 22
62 9.9 11 85
63 0.0 15 75
64 2.5 28 25
65 8.2 17 74
66 16.0 49 25
67 4.5 46 5
68 5.9 99 13
69 12.6 90 52
70 4.8 38 19
71 14.9 38 1
72 5.1 15 70
73 6.2 68 90
74 21.0 66 19
75 2.9 38 67
76 0.6 11 50
77 18.6 35 63
78 8.9 47 71
79 3.5 85 19
80 33.2 17 52
81 17.7 3 18
82 2.2 91 88
83 7.9 66 18
84 7.2 68 56
85 4.8 28 85
86 2.5 47 18
87 25.2 99 74
88 12.9 99 57
89 4.2 49 64
90 11.5 64 75
91 6.6 67 19
92 1.3 74 19
93 18.0 91 52
94 4.9 68 93
95 3.4 91 5
96 2.3 90 71
97 15.9 74 98
98 5.6 17 93
99 2.6 17 13
