0.16990233514062775
0.1336674201644982
0.0734411077702306
0.07247310929471154
0.07093746216998435
0.06992719312774379
0.06607444865985425
0.04529542752241305
0.04514695454743582
0.037925170877780294
0.023112949015048352
0.0223851211018989
0.017072907640041525
0.014732172270732797
0.014181770438317127
0.013803222687489947
0.013701020973659123
0.01353783955308447
0.01333157622461716
0.01307665456092833
0.01302767392037201
0.012578982663526592
0.012576503747827789
0.012402675753426998
0.01218114470336419
0.011934566557112981
0.011611298180221215
0.010662865209373828
0.010257436902579905
0.010009474485806776
0.009924557866043028
0.009458963206596999
0.00909342550810421
0.009069097505685839
0.009064227002781438
0.00894189007440015
0.008815666551952726
0.00872480997108468
0.008706608527813485
0.008625304451050291
0.008492706529927976
0.008333805076789637
0.00824889460267653
0.008201386126007203
0.008128227578549998
0.008098716694359742
0.008090420356925466
0.008082681894835719
0.008010303306257148
0.007898382908713166
0.00784967075313005
0.007836571922955943
0.007805540971219723
0.007799087708177762
0.007660170893481565
0.007627788559513283
0.0076112303111456414
0.00755784997544038
0.0074961498204856045
0.007442111285619444
0.007360690853342468
0.007314727561441301
0.007293703589980445
0.007232995252128751
0.007198854604295979
0.00702471891772014
0.007021517140997092
0.006946631696750227
0.0068974325396037135
0.006849466212999486
0.006826805594726351
0.006662031217923615
0.00647349917750716
0.006439732250824522
0.006399195588774216
0.0063324642007501755
0.0062891894354786
0.006232875503193972
0.006160687361563445
0.006106126681131213
0.0059921421600555224
0.005981935936036561
0.005665105606002936
0.005584502550408449
0.005572461875081732
0.0055640164316001625
0.005560282079152198
0.005313563300945192
0.005214269422389237
0.005154879224977844
0.005141155282941785
0.005096388118689462
0.0050439982417026415
0.004963689273028345
0.004895081045373952
0.004879877276825577
0.004878003350146152
0.004762739265876478
0.004696496064863022
0.004682597963313289
