0 4.1 48 90
1 1.9 76 90
2 2.4 33 21
3 1.5 52 95
4 1.1 73 5
5 1.0 95 55
6 3.0 9 21
7 1.7 37 44
8 1.0 75 14
9 1.5 44 55
10 1.5 48 21
11 6.9 73 48
12 4.3 48 55
13 5.0 48 51
14 4.3 37 8
15 1.6 9 1
16 1.5 33 11
17 2.9 52 21
18 1.0 52 78
19 1.5 83 55
20 1.0 76 77
21 1.0 5 64
22 1.2 95 77
23 2.1 6 70
24 19.5 52 8
25 1.3 44 5
26 9.3 87 21
27 1.2 94 1
28 3.9 87 82
29 1.2 62 89
30 1.7 95 55
31 1.9 73 4
32 1.1 75 95
33 3.6 23 48
34 1.4 33 14
35 1.0 86 11
36 4.0 20 14
37 1.7 20 82
38 6.9 62 90
39 1.4 57 14
40 2.4 62 77
41 1.1 59 8
42 2.3 40 4
43 1.0 86 14
44 1.0 24 5
45 4.5 57 51
46 1.7 79 5
47 4.7 94 77
48 2.7 24 77
49 3.2 16 0
50 1.2 40 0
51 1.6 48 82
52 2.3 52 82
53 2.7 83 95
54 3.8 37 51
55 1.2 95 21
56 2.5 76 21
57 1.4 24 14
58 3.5 89 11
59 1.7 48 82
60 6.1 57 54
61 2.3 73 90
62 7.5 87 33
63 1.8 15 14
64 1.2 95 8
65 1.3 15 88
66 12.3 62 95
67 1.5 67 19
68 7.8 86 82
69 5.9 83 11
70 5.4 95 70
71 3.2 83 36
72 1.0 9 82
73 1.7 73 3
74 1.3 57 90
75 2.8 87 82
76 1.1 83 57
77 3.6 33 0
78 1.3 94 0
79 4.4 20 95
80 1.3 48 14
81 1.8 86 36
82 2.3 83 51
83 2.7 48 33
84 1.0 76 19
85 17.7 86 48
86 1.0 86 14
87 7.8 61 55
88 4.3 32 51
89 2.4 33 77
90 5.4 73 90
91 2.9 59 51
92 1.4 57 1
93 1.0 73 74
94 1.0 9 1
95 2.0 59 89
96 1.5 75 89
97 2.6 37 95
98 13.7 87 5
99 2.8 33 36
