epoch    sw                   sm                  
50       0.18893563866725793  0.18288346283171425 
51       0.16973608070241167  0.16318182850036508 
52       0.16999040479169567  0.14582056423073705 
53       0.17150658626058882  0.13846011467226768 
54       0.17164812062173118  0.13660188029870604 
55       0.17227749125110184  0.1374425107715607  
56       0.17300097377715948  0.1375859758171534  
57       0.17320350802549522  0.13213143036260797 
58       0.15342186982673747  0.11213143036260796 
59       0.13342186982673748  0.09213143036260796 
60       0.1335799017364966   0.08716125714416192 
61       0.13372393680590478  0.08745032291709866 
62       0.13383985202748472  0.08756623813867861 
63       0.11397108629955537  0.06763168327697859 
64       0.09495475814344227  0.04795557522557549 
65       0.09386899799850897  0.04915305421717212 
66       0.0944942677180007   0.04962056061072837 
67       0.08920015007094188  0.0458583415316776  
68       0.06930667508301472  0.02628615511903714 
69       0.048309093024437984 0.026431430203317542
70       0.0457919309357219   0.026730942741636052
71       0.04602565770912379  0.027435664376590244
72       0.04606890830564904  0.02852156181248768 
73       0.04140520191400147  0.02822002445616584 
74       0.035439292823092376 0.02557688868091249 
75       0.03359736498408977  0.025624735570864643
76       0.03330095853260905  0.025624735570864643
77       0.033466606333831694 0.025507380198963817
78       0.03360659978301202  0.02558621841392543 
79       0.03125275136993408  0.023557477923646476
80       0.03125275136993408  0.02269800080120218 
81       0.030661560119564585 0.02269800080120218 
82       0.029079142537147003 0.021917935795785062
83       0.02830083516676802  0.02009485117441288 
84       0.025127255460554717 0.01872944890726377 
85       0.023585305347176032 0.017981374099783023
86       0.02213018054632632  0.017694613241593594
87       0.02089030917460248  0.017895955523472788
88       0.021079458941694183 0.017895955523472788
89       0.021296850246042012 0.017895955523472788
90       0.021033602505193805 0.01747729523639145 
91       0.017957615913687646 0.014401308644885287
92       0.017028322984394717 0.01416190231852244 
93       0.015096044736326995 0.01428560851630271 
94       0.014234206703594704 0.01331584238214208 
95       0.014010921217151324 0.013089435189628523
96       0.01339982317486062  0.013003708437235105
97       0.012509034950739064 0.013149357005985556
98       0.012523950540121226 0.012846614482066412
99       0.01221625823242892  0.011759954306798642
100      0.012259074368268312 0.01180299535212494 
101      0.01185972822352553  0.011704629683474117
102      0.011805929068624743 0.011065893953102136
103      0.010289747599731584 0.010966884052112037
104      0.0101482132385892   0.010825118425673668
105      0.009518842609218571 0.010442139640539052
106      0.009032487661464987 0.010298674594946346
107      0.008829953413129213 0.01043566089631621 
108      0.008708226227271592 0.01043566089631621 
109      0.0088181163371617   0.01065645861711393 
110      0.00866008442740261  0.01049842670735484 
111      0.008516049357994406 0.01031834799584717 
112      0.008687262849285731 0.010778115156401204
113      0.008753626996427746 0.011108890682532811
114      0.007955140337726034 0.010784998733935904
115      0.007676431908513334 0.009857790012609535
116      0.009543249478710093 0.009390283619053284
117      0.00983931492475606  0.008152502698104046
118      0.009732789912683226 0.0077246891107445115
119      0.009587514828402824 0.007914153829558344
120      0.00943801025045224  0.008033282681445207
121      0.009449149957335704 0.007820237391825895
122      0.009140820605528092 0.0067343399559284586
123      0.008884941185322829 0.006315877312250298
124      0.00905244537292752  0.008091561729856214
125      0.008860474906845378 0.00804371483990406 
126      0.00959089238209044  0.008722960122922929
127      0.010149590657326553 0.008640315494823754
128      0.010506666335366798 0.00889653772891223 
129      0.010398976286906276 0.00889653772891223 
130      0.010677725315655305 0.009211959096172041
131      0.010677725315655305 0.009211959096172041
132      0.013709084200672725 0.009456564424069702
133      0.013472898817428518 0.009220825516030115
134      0.013484400036485931 0.009383872824671293
135      0.013844201525319677 0.009562885170350305
136      0.01405253485865301  0.009562885170350305
137      0.014030306775644851 0.009361542888471111
138      0.014365264423872036 0.009621868769486648
139      0.014439686672207326 0.009913682322169765
140      0.014565515247858587 0.009913682322169765
141      0.014812229041026708 0.010012670523674517
142      0.01569062695889831  0.00998555898128901 
143      0.01722506462236823  0.00986185278350874 
144      0.017550522506121803 0.009753924682080396
145      0.018356259352467784 0.009852816497144697
146      0.019401508221246068 0.009999504895425925
147      0.01960070905584245  0.009853856326675474
148      0.020002935663948628 0.009688318515204648
149      0.02113602573500682  0.009846603669935094
150      0.02164319454164086  0.010019021196479662
151      0.022514261771797276 0.009958395710854178
152      0.023174468693424738 0.009958395710854178
153      0.026457031718634824 0.010137444603138363
154      0.027225797237193428 0.01024554627511089 
155      0.027225797237193428 0.009874350877085943
156      0.027153332682568795 0.010371099663604855
157      0.027210109520489665 0.010290890200155858
158      0.02718297223945387  0.010325612422378082
159      0.02707308212956376  0.010172382269147929
160      0.027310525916546008 0.01046918700287574 
161      0.02766927994447297  0.010718953969373628
162      0.02785018055626061  0.010220871464882979
163      0.028486436629439043 0.009907159051276485
164      0.028554625521157347 0.010058674202791638
165      0.027985689125229883 0.009986991940533072
166      0.025519275458469024 0.010064032397532839
167      0.02527331537930225  0.010214468224256156
168      0.025447927571680413 0.010289302020989656
169      0.025608773312533903 0.01009922361818061 
170      0.025743910706073993 0.009748042987529997
171      0.025562217989967766 0.00930371965678587 
172      0.025643744733497943 0.009371631053875753
173      0.02533339770329173  0.009380793604155793
174      0.02522796946358508  0.007527641003427711
175      0.025283964690399726 0.007696199176453493
176      0.02446739837038513  0.007175820770647756
177      0.023936171531543288 0.007277902954259682
178      0.02339498811918052  0.006969309728541734
179      0.023867564303034675 0.007021665749484141
180      0.023588815274285645 0.006379490867835576
181      0.02365783199087167  0.006690875183121178
182      0.020729119921404294 0.006446269855223519
183      0.021210488556842173 0.006606399936524332
184      0.02290830148766481  0.0067699097597452304
185      0.02438766335981195  0.007559575270184019
186      0.02476756532059626  0.00785326144881195 
187      0.02480847206463773  0.00796319164994974 
188      0.025073190611920117 0.008096922331491571
189      0.03272906928204164  0.008178833376160675
190      0.03455948935651163  0.008877541386496593
191      0.034682083754092805 0.008781273602065143
192      0.03429626117657172  0.008752271132445685
193      0.038101794185325305 0.009229980557523531
194      0.04095672549980307  0.009749336051608265
195      0.04257519037927383  0.00943028045617076 
196      0.0424782040587581   0.009689493270965634
197      0.04421954282077396  0.009817626333331412
198      0.045404624091954275 0.010222781024200388
199      0.045300759413576294 0.010192764813069896
200      0.046561822582977946 0.010155410154484347
201      0.047161038257831175 0.01015879405653791 
202      0.04815440258613811  0.01055401014207754 
203      0.04733537907899446  0.010579042882446415
204      0.04873312443098436  0.011241974864320041
205      0.050380998686712725 0.011753514625594439
206      0.05157550832203192  0.011594956961558562
207      0.05580422168018948  0.011891121300108285
208      0.05799142353506699  0.01225134034093493 
209      0.06274515566781207  0.013228147631100817
