epoch    transactions         link-changes        
1        3                    3810                
2        1                    3481                
3        1                    3282                
4        18                   3463                
5        57                   4404                
6        2                    4765                
7        1                    4569                
8        4                    4275                
9        4                    4686                
10       6                    8112                
11       4                    5498                
12       14                   5329                
13       11                   4423                
14       3                    828                 
15       4                    1                   
16       1                    1                   
17       1                    1                   
18       1                    1                   
19       6                    1                   
20       7                    1                   
21       7                    1                   
22       1                    1                   
23       36                   1                   
24       6                    1                   
25       21                   1                   
26       50                   1                   
27       35                   1                   
28       56                   1                   
29       29                   1                   
30       57                   1                   
31       44                   1                   
32       57                   1                   
33       54                   1                   
34       85                   1                   
35       34                   1                   
36       27                   1                   
37       98                   1                   
38       28                   1                   
39       29                   1                   
40       39                   1                   
41       81                   1                   
42       42                   1                   
43       122                  1                   
44       53                   1                   
45       15                   1                   
46       66                   1                   
47       113                  1                   
48       55                   1                   
49       36                   1                   
50       50                   1                   
51       58                   1                   
52       81                   1                   
53       88                   1                   
54       141                  1                   
55       119                  1                   
56       141                  1                   
57       129                  1                   
58       269                  1                   
59       227                  1                   
60       307                  1                   
61       320                  1                   
62       247                  1                   
63       298                  1                   
64       260                  1                   
65       205                  1                   
66       216                  1                   
67       161                  1                   
68       190                  1                   
69       263                  1                   
70       397                  1                   
71       449                  1                   
72       345                  1                   
73       293                  1                   
74       354                  1                   
75       215                  1                   
76       306                  1                   
77       301                  1                   
78       427                  1                   
79       307                  1                   
80       334                  1                   
81       364                  1                   
82       249                  1                   
83       175                  1                   
84       199                  1                   
85       197                  1                   
86       305                  1                   
87       633                  1                   
88       313                  1                   
89       286                  1                   
90       363                  1                   
91       399                  1                   
92       294                  1                   
93       307                  1                   
94       267                  1                   
95       210                  1                   
96       308                  1                   
97       232                  1                   
98       274                  1                   
99       185                  1                   
100      179                  1                   
101      100                  1                   
102      178                  1                   
103      143                  1                   
104      144                  1                   
105      270                  1                   
106      257                  1                   
107      233                  1                   
108      203                  1                   
109      247                  1                   
110      260                  1                   
111      227                  1                   
112      115                  1                   
113      145                  1                   
114      309                  1                   
115      261                  1                   
116      196                  1                   
117      152                  1                   
118      150                  1                   
119      164                  1                   
120      107                  1                   
121      166                  1                   
122      185                  1                   
123      164                  1                   
124      152                  1                   
125      86                   1                   
126      200                  1                   
127      192                  1                   
128      130                  1                   
129      89                   1                   
130      194                  1                   
131      190                  1                   
132      173                  1                   
133      123                  1                   
134      112                  1                   
135      124                  1                   
136      71                   1                   
137      72                   1                   
138      70                   1                   
139      111                  1                   
140      98                   1                   
141      119                  1                   
142      90                   1                   
143      74                   1                   
144      99                   1                   
145      72                   1                   
146      52                   1                   
147      60                   1                   
148      64                   1                   
149      87                   1                   
150      94                   1                   
151      209                  1                   
152      262                  1                   
153      200                  1                   
154      103                  1                   
155      92                   1                   
156      136                  1                   
157      193                  1                   
158      166                  1                   
159      148                  1                   
160      145                  1                   
161      218                  1                   
162      95                   1                   
163      100                  1                   
164      239                  1                   
165      211                  1                   
166      181                  1                   
167      128                  1                   
168      134                  1                   
169      202                  1                   
170      172                  1                   
171      220                  1                   
172      221                  1                   
173      249                  1                   
174      317                  1                   
175      229                  1                   
176      410                  1                   
177      340                  1                   
178      353                  1                   
179      485                  1                   
180      439                  1                   
181      403                  1                   
182      519                  1                   
183      650                  1                   
184      475                  1                   
185      384                  1                   
186      522                  1                   
187      283                  1                   
188      415                  1                   
189      694                  1                   
190      537                  1                   
191      529                  1                   
192      676                  1                   
193      1933                 1                   
194      2300                 1                   
195      1580                 1                   
196      1982                 1                   
197      2927                 1                   
198      1308                 1                   
199      1653                 1                   
200      2887                 1                   
201      1796                 1                   
202      1609                 1                   
203      1052                 1                   
204      840                  1                   
205      1702                 1                   
206      2598                 1                   
207      1099                 1                   
208      1441                 1                   
209      1298                 1                   
210      950                  1                   
211      1100                 1                   
212      1394                 1                   
213      644                  1                   
214      549                  1                   
215      773                  2218                
216      830                  6968                
217      1231                 7896                
218      2542                 7706                
219      1656                 7334                
220      1416                 7019                
221      968                  8833                
222      872                  8431                
223      885                  7172                
224      972                  6809                
225      2091                 8693                
226      1168                 7864                
227      711                  8104                
228      1021                 9173                
229      952                  7728                
230      695                  7266                
231      848                  8023                
232      833                  6797                
233      582                  5712                
234      957                  1127                
235      984                  1                   
236      802                  1                   
237      1065                 1                   
238      1042                 1                   
239      858                  1                   
240      1304                 1                   
241      815                  1                   
242      942                  1                   
243      763                  1                   
244      1373                 1                   
245      1348                 1                   
246      4305                 1                   
247      1744                 1                   
248      2019                 1                   
249      1867                 1                   
250      1301                 1                   
251      832                  1                   
252      1102                 1                   
253      2278                 1                   
254      1221                 1                   
255      893                  1                   
256      2068                 1                   
257      1346                 1                   
258      757                  1                   
259      576                  1                   
260      806                  1                   
261      1499                 1                   
262      1593                 1                   
263      1399                 1                   
264      1000                 1                   
265      1339                 1                   
266      1040                 1                   
267      1202                 1                   
268      1172                 1                   
269      1590                 1                   
270      952                  1                   
271      875                  1                   
272      529                  1                   
273      885                  1                   
274      1892                 1                   
275      3071                 1                   
276      1623                 1                   
277      1113                 1                   
278      2854                 1                   
279      2364                 1                   
280      1539                 1                   
281      598                  1                   
282      785                  1                   
283      1586                 1                   
284      1090                 1                   
285      964                  1                   
286      1543                 1                   
287      912                  1                   
288      1074                 1                   
289      997                  1                   
290      1222                 1                   
291      5014                 1                   
292      4727                 1                   
293      1376                 1                   
294      2427                 1                   
295      4939                 1                   
296      2346                 1                   
297      1764                 1                   
298      6147                 1                   
299      3881                 1                   
300      6857                 1                   
301      12687                1                   
302      2059                 1                   
303      3416                 1                   
304      3861                 1                   
305      1586                 1                   
306      964                  1                   
307      1534                 1                   
308      1664                 1                   
309      915                  1                   
310      393                  1                   
311      530                  1                   
312      1107                 1                   
313      1925                 1                   
314      1687                 1                   
315      759                  1                   
316      1197                 1                   
317      1072                 1                   
318      973                  1                   
319      621                  1                   
320      842                  1                   
321      919                  1                   
322      692                  1                   
323      1313                 1                   
324      1228                 1                   
325      475                  1                   
326      1337                 1                   
327      1375                 1                   
328      1312                 1                   
329      1316                 1                   
330      1224                 1                   
331      2130                 1                   
332      1700                 1                   
333      1131                 1                   
334      3016                 1                   
335      2696                 1                   
336      1407                 1                   
337      824                  1                   
338      1520                 1                   
339      863                  1                   
340      314                  1                   
341      559                  1                   
342      1233                 1                   
343      1542                 1                   
344      794                  1                   
345      1034                 1                   
346      784                  1                   
347      983                  1                   
348      1041                 1                   
349      1218                 1                   
350      1153                 1                   
351      1448                 1                   
352      588                  1                   
353      1329                 1                   
354      951                  1                   
355      1151                 1                   
356      885                  1                   
357      879                  1                   
358      999                  1                   
359      846                  1                   
360      964                  1                   
361      616                  1                   
362      1528                 1                   
363      1235                 1                   
364      1468                 1                   
365      657                  1                   
366      678                  1                   
367      1344                 1                   
368      1107                 1                   
369      834                  1                   
370      1988                 1                   
371      1893                 1                   
372      1614                 1                   
373      4126                 1                   
374      1671                 1                   
375      5059                 1                   
376      4988                 1                   
377      9266                 1                   
378      746                  1                   
379      693                  1                   
380      1603                 1                   
381      1384                 1                   
382      1050                 1                   
383      1571                 1                   
384      2154                 1                   
385      1224                 1                   
386      917                  1                   
387      772                  1                   
388      686                  1                   
389      737                  1                   
390      783                  1                   
391      424                  1                   
392      592                  1                   
393      553                  1                   
394      915                  1                   
395      2508                 1                   
396      1121                 1                   
397      711                  1                   
398      672                  1                   
399      522                  1                   
400      736                  1                   
401      818                  1                   
402      847                  1                   
403      546                  1                   
404      675                  1                   
405      1199                 1                   
406      3210                 1                   
407      461                  1                   
408      647                  1                   
409      738                  1                   
410      1109                 1                   
411      3340                 1                   
412      2908                 1                   
413      4512                 1                   
414      6069                 1                   
415      8455                 1                   
416      6726                 1                   
417      5152                 1                   
418      3228                 1                   
419      3689                 1                   
420      2438                 1                   
421      4788                 1                   
422      2484                 1                   
423      3316                 1                   
424      2652                 1                   
425      3764                 1                   
426      9446                 1                   
427      6732                 1                   
428      4512                 1                   
429      2417                 1                   
430      4229                 1                   
431      1981                 1                   
432      3366                 1                   
433      2117                 1                   
434      2909                 1                   
435      882                  3160                
436      873                  9149                
437      5638                 10691               
438      3123                 9135                
439      2572                 7398                
440      2822                 11021               
441      4533                 10181               
442      2688                 9338                
443      5992                 10585               
444      4177                 10627               
445      1517                 13600               
446      2045                 8864                
447      1561                 7105                
448      2198                 6913                
449      1119                 8295                
450      2017                 7004                
451      2345                 7917                
452      2000                 8060                
453      1377                 7863                
454      949                  1043                
455      2092                 1                   
456      1076                 1                   
457      1589                 1                   
458      538                  1                   
459      832                  1                   
460      1263                 1                   
461      987                  1                   
462      742                  1                   
463      1052                 1                   
464      739                  1                   
465      684                  1                   
466      985                  1                   
467      1173                 1                   
468      826                  1                   
469      701                  1                   
470      953                  1                   
471      1537                 1                   
472      2278                 1                   
473      2276                 1                   
474      1967                 1                   
475      2282                 1                   
476      2788                 1                   
477      2359                 1                   
478      1790                 1                   
479      1156                 1                   
480      2248                 1                   
481      4795                 1                   
482      1261                 1                   
483      651                  1                   
484      1158                 1                   
485      8073                 1                   
486      1016                 1                   
487      915                  1                   
488      857                  1                   
489      1092                 1                   
490      832                  1                   
491      617                  1                   
492      515                  1                   
493      839                  1                   
494      961                  1                   
495      786                  1                   
496      458                  1                   
497      1137                 1                   
498      996                  1                   
499      832                  1                   
500      460                  1                   
501      685                  1                   
502      1150                 1                   
503      739                  1                   
504      484                  1                   
505      705                  1                   
506      734                  1                   
507      844                  1                   
508      591                  1                   
509      375                  1                   
510      430                  1                   
511      1073                 1                   
512      650                  1                   
513      333                  1                   
514      799                  1                   
515      3502                 1                   
516      573                  1                   
517      335                  1                   
518      1756                 1                   
519      1014                 1                   
520      641                  1                   
521      438                  1                   
522      762                  1                   
523      776                  1                   
524      1540                 1                   
525      907                  1                   
526      810                  1                   
527      945                  1                   
528      576                  1                   
529      548                  1                   
530      425                  1                   
531      517                  1                   
532      616                  1                   
533      473                  1                   
534      533                  1                   
535      1107                 1                   
536      798                  1                   
537      850                  1                   
538      327                  1                   
539      1114                 1                   
540      1259                 1                   
541      567                  1                   
542      382                  1                   
543      705                  1                   
544      751                  1                   
545      581                  1                   
546      371                  1                   
547      920                  1                   
548      867                  1                   
549      700                  1                   
550      827                  1                   
551      421                  1                   
552      489                  1                   
553      762                  1                   
554      428                  1                   
555      197                  1                   
556      505                  1                   
557      438                  1                   
558      441                  1                   
559      482                  1                   
560      680                  1                   
561      172                  1                   
562      553                  1                   
563      452                  1                   
564      670                  1                   
565      540                  1                   
566      586                  1                   
567      472                  1                   
568      475                  1                   
569      299                  1                   
570      441                  1                   
571      283                  1                   
572      344                  1                   
573      574                  1                   
574      668                  1                   
575      450                  1                   
576      321                  1                   
577      630                  1                   
578      579                  1                   
579      658                  1                   
580      656                  1                   
581      567                  1                   
582      949                  1                   
583      566                  1                   
584      853                  1                   
585      634                  1                   
586      857                  1                   
587      661                  1                   
588      512                  1                   
589      487                  1                   
590      983                  1                   
591      738                  1                   
592      703                  1                   
593      552                  1                   
594      824                  1                   
595      910                  1                   
596      760                  1                   
597      775                  1                   
598      1212                 1                   
599      1771                 1                   
600      1621                 1                   
601      1229                 1                   
602      1247                 1                   
603      789                  1                   
604      1075                 1                   
605      851                  1                   
606      335                  1                   
607      1018                 1                   
608      866                  1                   
609      972                  1                   
610      721                  1                   
611      590                  1                   
612      725                  1                   
613      864                  1                   
614      535                  1                   
615      1066                 1                   
616      886                  1                   
617      1374                 1                   
618      498                  1                   
619      573                  1                   
620      1032                 1                   
621      1222                 1                   
622      492                  1                   
623      498                  1                   
624      629                  1                   
625      548                  1                   
626      513                  1                   
627      456                  1                   
628      674                  1                   
629      458                  1                   
630      379                  1                   
631      466                  1                   
632      506                  1                   
633      459                  1                   
634      719                  1                   
635      279                  1                   
636      557                  1                   
637      588                  1                   
638      442                  1                   
639      878                  1                   
640      812                  1                   
641      1545                 1                   
642      2161                 1                   
643      1263                 1                   
644      953                  1                   
645      2055                 1                   
646      999                  1                   
647      565                  1                   
648      521                  1                   
649      815                  1                   
650      556                  1                   
651      420                  1                   
652      761                  1                   
653      1334                 1                   
654      564                  1                   
655      518                  5369                
656      448                  11243               
657      492                  12907               
658      628                  13728               
659      614                  15758               
660      359                  15904               
661      380                  19469               
662      499                  18635               
663      977                  18115               
664      608                  14025               
665      483                  11094               
666      683                  10878               
667      860                  10778               
668      537                  15189               
669      420                  11071               
670      627                  13340               
671      1159                 12868               
672      1133                 14042               
673      787                  9873                
674      554                  0                   
675      540                  0                   
676      649                  0                   
677      886                  0                   
678      1003                 0                   
679      659                  0                   
680      550                  0                   
681      622                  0                   
682      671                  0                   
683      678                  0                   
684      1124                 0                   
685      738                  0                   
686      552                  0                   
687      852                  0                   
688      541                  0                   
689      566                  0                   
690      565                  0                   
691      559                  0                   
692      522                  0                   
693      636                  0                   
694      605                  0                   
695      702                  0                   
696      682                  0                   
697      822                  0                   
698      1217                 0                   
699      900                  0                   
700      909                  0                   
701      770                  0                   
702      1105                 0                   
703      547                  0                   
704      671                  0                   
705      1008                 0                   
706      689                  0                   
707      557                  0                   
708      1751                 0                   
709      1443                 0                   
710      1096                 0                   
711      611                  0                   
712      485                  0                   
713      846                  0                   
714      1190                 0                   
715      621                  0                   
716      1238                 0                   
717      1329                 0                   
718      931                  0                   
719      682                  0                   
720      693                  0                   
721      645                  0                   
722      891                  0                   
723      634                  0                   
724      439                  0                   
725      935                  0                   
726      967                  0                   
727      606                  0                   
728      514                  0                   
729      6197                 0                   
730      739                  0                   
731      868                  0                   
732      614                  0                   
733      458                  0                   
734      738                  0                   
735      612                  0                   
736      555                  0                   
737      804                  0                   
738      720                  0                   
739      634                  0                   
740      790                  0                   
741      442                  0                   
742      390                  0                   
743      720                  0                   
744      491                  0                   
745      467                  0                   
746      690                  0                   
747      513                  0                   
748      497                  0                   
749      531                  0                   
750      539                  0                   
751      615                  0                   
752      472                  0                   
753      308                  0                   
754      753                  0                   
755      2027                 0                   
756      1083                 0                   
757      694                  0                   
758      719                  0                   
759      1009                 0                   
760      1004                 0                   
761      656                  0                   
762      495                  0                   
763      853                  0                   
764      842                  0                   
765      650                  0                   
766      393                  0                   
767      579                  0                   
768      389                  0                   
769      562                  0                   
770      238                  0                   
771      420                  0                   
772      422                  0                   
773      475                  0                   
774      348                  0                   
775      345                  0                   
776      563                  0                   
777      538                  0                   
778      545                  0                   
779      365                  0                   
780      885                  0                   
781      973                  0                   
782      595                  0                   
783      415                  0                   
784      807                  0                   
785      781                  0                   
786      450                  0                   
787      473                  0                   
788      462                  0                   
789      536                  0                   
790      480                  0                   
791      269                  0                   
792      287                  0                   
793      506                  0                   
794      445                  0                   
795      349                  0                   
796      297                  0                   
797      398                  0                   
798      372                  0                   
799      365                  0                   
800      344                  0                   
