0.10250548626529297
0.09071655119870746
0.08380672252649321
0.07114898054504121
0.06945955833084912
0.06765396977991672
0.05868218277061331
0.05492693275583181
0.048248658691227055
0.04452495993824277
0.03667832004214682
0.02888914988557094
0.027239519453544556
0.015613444324750958
0.014687747907574057
0.014484501096154938
0.01384950015107132
0.01293916261288733
0.012641989380541268
0.01257662060303269
0.012363601284804283
0.012218790227389075
0.012006879003724236
0.011812506625604676
0.011491365415459325
0.011223750104430287
0.010771338087901898
0.010598638365047848
0.01059786730580412
0.010486117930429938
0.010157384043963744
0.009879152595178292
0.009843479723746678
0.009620595783460013
0.00954105912020451
0.009426134288963621
0.009418653034111718
0.009333418298388255
0.009315441236862093
0.009293351078836757
0.009236245774964092
0.009189492636490207
0.008924733662803424
0.008674178504845772
0.008489177871527174
0.008436108595542937
0.008394790631199365
0.008337868230083936
0.008336412892025748
0.008247669112620239
0.008224159917476643
0.008118190492127345
0.00805129421591407
0.008023724669120623
0.007708929844040264
0.00766209394127729
0.007583047734512888
0.007527969678050561
0.00749639716947224
0.007438401883025249
0.00736520312188466
0.007356372952409501
0.007355576269986665
0.007218411311782683
0.007102247463593976
0.007066326591472271
0.006919214468171164
0.006909842975503152
0.006814380704960754
0.006751705338186769
0.006727901832676783
0.00671193428390278
0.006605028749316326
0.006593426695584019
0.006544181638128675
0.006529333555304352
0.00651472310338642
0.006509705832710457
0.006409936096586117
0.006405158726151229
0.006396550019967848
0.006395639879293561
0.006387482166331387
0.006360636022331327
0.006338873318657831
0.006323456943575404
0.006275366234634867
0.006237089001799717
0.006172391585887583
0.006066849223376126
0.006049088190319338
0.0059433313614918595
0.005908276383570895
0.005856105165669513
0.005834930733623439
0.005641172820253714
0.0056131592517193645
0.005451743673591281
0.005334939434925532
0.004638162302297529
