0 1.7 42 56
1 8.3 32 58
2 5.0 63 25
3 11.9 6 86
4 9.4 8 91
5 7.0 88 8
6 5.3 91 75
7 1.8 8 21
8 6.4 86 98
9 2.5 95 38
10 3.9 89 8
11 52.6 89 63
12 17.1 0 38
13 2.1 86 42
14 12.9 96 53
15 47.8 8 21
16 13.3 42 22
17 9.4 14 13
18 12.0 76 22
19 10.2 86 38
20 35.7 12 32
21 10.0 65 6
22 16.3 63 58
23 8.4 96 60
24 6.0 0 42
25 9.7 30 93
26 4.5 22 69
27 2.3 76 6
28 41.8 42 8
29 14.0 39 5
30 25.0 86 44
31 3.8 20 21
32 2.2 10 91
33 12.3 32 92
34 15.5 86 72
35 15.1 86 69
36 29.0 18 32
37 23.4 42 21
38 33.0 54 94
39 8.7 65 98
40 6.8 42 92
41 3.4 95 5
42 12.0 42 56
43 3.7 54 42
44 4.7 63 93
45 3.1 6 25
46 7.3 60 75
47 2.7 22 53
48 12.2 39 92
49 21.0 10 76
50 2.8 89 91
51 0.3 10 53
52 20.5 95 5
53 20.2 89 25
54 0.0 54 22
55 2.0 26 8
56 10.4 60 86
57 2.0 6 86
58 25.5 89 44
59 9.7 26 13
60 68.3 76 10
61 15.3 82 25
62 35.6 60 53
63 9.5 86 91
64 17.7 31 58
65 19.0 74 5
66 9.9 76 98
67 5.1 59 38
68 9.9 42 69
69 6.6 22 10
70 2.3 65 79
71 5.2 88 93
72 5.4 42 38
73 11.1 14 25
74 0.0 63 10
75 3.9 42 53
76 2.7 95 6
77 1.2 76 53
78 7.5 86 38
79 0.8 20 91
80 2.4 8 5
81 2.4 63 38
82 1.8 32 75
83 4.4 95 21
84 13.9 39 44
85 0.4 22 8
86 3.2 42 53
87 6.2 32 91
88 1.9 54 8
89 8.7 12 32
90 10.1 14 21
91 4.4 6 53
92 2.5 95 44
93 4.5 88 8
94 43.1 65 25
95 10.9 42 63
96 37.4 96 93
97 11.4 63 42
98 0.5 89 10
99 3.6 20 44
