0.302726706930088
0.2776230642060175
0.13053950122477143
0.07720899639485254
0.07545583153189832
0.07308080286961559
0.06419745765893314
0.06070190088433747
0.05802379314384909
0.0577868653784791
0.0533762431664478
0.05204995542731427
0.046397316270028195
0.03909223521159205
0.038590444233610584
0.037867801133107254
0.033059200413869554
0.031364727429971706
0.02984836181260997
0.029792317522607255
0.02950741698240698
0.025560907484586046
0.02540393308791577
0.02352918560401554
0.02244856464008551
0.021847201239392898
0.021801016729897368
0.0214118985300185
0.01955581524227165
0.018590348816075467
0.0177154785763842
0.01706815482325686
0.016242355528069817
0.015512265512265512
0.013916761689606006
0.011483413015033568
0.011108441365089474
0.010575139146567717
0.010074773711137346
0.009643650630045186
0.009481108460700296
0.008557310521020904
0.008513872119314298
0.008468307958103879
0.008313157787492975
0.007977130187516317
0.00767225971307604
0.0073317134881088495
0.007276264929326151
0.006805502383733678
0.0058242777630532734
0.005768830335929902
0.005638151402919761
0.005561187363908452
0.00519626506021064
0.005091979071570907
0.0049905026945843275
0.004911358482787054
0.004492386836233467
0.004298134151893838
0.004293665518155314
0.003908913471374818
0.00390297533154676
0.003836300898762247
0.0032287157287157284
0.003195846733261698
0.0031671070632109588
0.0030241901299415206
0.0029745060821127606
0.002971159603812664
0.002844774273345702
0.0027937293243415692
0.0027832085618836673
0.0026642765753034365
0.0025137183300448602
0.0024922339393582435
0.002478134110787172
0.002150759293616436
0.0021267092695664122
0.0020274899062777854
0.0020241285547407993
0.002008177008177008
0.0018436360051266882
0.0017434705746394055
0.0016457050702567088
0.001463664087349925
0.0014636157493300348
0.0012907540283115014
0.0012907540283115014
0.0012260604097338792
0.0006905792620078334
0.0006651465653248183
0.00045523259808974084
0.0002748574177145605
0.00020614306328592042
0.0
0.0
0.0
0.0
0.0
