0 6.0 97 53
1 15.0 62 84
2 9.0 65 16
3 5.0 13 53
4 9.0 48 19
5 13.0 95 17
6 8.0 91 80
7 6.0 49 97
8 7.0 55 86
9 11.0 32 15
10 8.0 95 8
11 7.0 97 25
12 8.0 13 12
13 4.0 32 61
14 18.0 73 15
15 14.0 48 80
16 11.0 95 22
17 12.0 19 12
18 8.0 40 37
19 11.0 28 22
20 9.0 86 1
21 5.0 40 8
22 10.0 78 1
23 12.0 78 89
24 8.0 32 41
25 8.0 32 43
26 11.0 73 53
27 12.0 32 22
28 10.0 41 43
29 11.0 86 25
30 12.0 97 22
31 4.0 78 25
32 10.0 13 1
33 9.0 78 22
34 13.0 13 1
35 9.0 55 12
36 9.0 97 10
37 11.0 62 1
38 11.0 58 27
39 3.0 95 19
40 6.0 94 32
41 12.0 8 97
42 14.0 55 17
43 8.0 84 22
44 15.0 61 19
45 7.0 73 1
46 11.0 28 15
47 5.0 57 93
48 7.0 8 1
49 9.0 30 32
50 15.0 32 15
51 6.0 62 15
52 11.0 56 61
53 4.0 19 86
54 12.0 32 10
55 6.0 32 37
56 6.0 19 53
57 9.0 94 80
58 15.0 95 25
59 5.0 40 25
60 11.0 85 22
61 7.0 29 80
62 7.0 86 1
63 8.0 40 16
64 10.0 89 1
65 13.0 55 10
66 9.0 28 16
67 7.0 94 16
68 8.0 13 97
69 15.0 55 16
70 12.0 86 54
71 14.0 32 41
72 8.0 79 53
73 11.0 73 54
74 10.0 58 80
75 13.0 97 80
76 9.0 62 8
77 20.0 78 41
78 12.0 41 22
79 12.0 55 97
80 8.0 19 10
81 6.0 86 10
82 9.0 15 43
83 8.0 13 41
84 5.0 57 22
85 8.0 65 86
86 15.0 57 1
87 12.0 41 19
88 10.0 79 16
89 10.0 55 10
90 11.0 73 12
91 13.0 73 41
92 6.0 86 53
93 11.0 94 52
94 9.0 32 15
95 6.0 48 43
96 11.0 92 80
97 6.0 49 16
98 6.0 57 12
99 4.0 94 15
