0.07366706921206556
0.07014305269585396
0.06609319695433427
0.06257408061610027
0.06184045037178612
0.05866652909072022
0.056989589132034287
0.055256519314217795
0.05489870438321083
0.04669180295402358
0.041634283247614166
0.04094018407771933
0.03640848210723461
0.03473537072287955
0.032885176319440684
0.029879117342578296
0.020374602898218352
0.01783821956657705
0.01677835980967254
0.013764063222997724
0.013450404173986207
0.011942517989593306
0.011940673858895861
0.011476664831835303
0.01123618455674047
0.010990442623234821
0.010690126808554778
0.01046950000079323
0.010448136672172656
0.010390986602762654
0.010369645745985598
0.009970894588071967
0.009562541694805079
0.009545719103999319
0.00951657921856812
0.009468402637545014
0.009331657812053447
0.009302221099900936
0.009220868286602098
0.008883303547391199
0.008838090430041544
0.008812670695630232
0.00857866810749577
0.008536339009765059
0.008506253103587269
0.008435490680114014
0.008418027953631358
0.00833365412711726
0.00830832522549806
0.00823549176458823
0.008084905139219762
0.008027766313201313
0.00795126220423565
0.00790675768179795
0.007764237420411969
0.0076294158283946095
0.007281104463139667
0.007093187051998339
0.007028271686613309
0.0067619921417936225
0.006684549794843574
0.006621369378842186
0.006587258128113376
0.00655111444543172
0.006507132976058507
0.006311430409460362
0.006275163618285606
0.0062348289709991305
0.006227115828969198
0.00619143854880807
0.006163618988504955
0.006071188446817446
0.006001115401953212
0.00599116952738387
0.005988358078137278
0.005971411913953724
0.0057418126229663935
0.0056889051009933285
0.005625497242788584
0.0055936390187422995
0.005435455073505059
0.005322181642282018
0.005091113453811929
0.0050637370075125926
0.005059014138527612
0.005050123093940809
0.004952341337476328
0.00494920101350785
0.004929688405827901
0.00491804006491539
0.004905313821471648
0.004891588830401737
0.004797635787919478
0.00476317955869972
0.004688685842407042
0.00468342532629999
0.004638188964277283
0.004580408062497079
0.004528300782644168
0.0044762182648854865
