0 12.0 11 18
1 3.0 64 94
2 5.0 9 93
3 6.0 64 93
4 9.0 9 67
5 12.0 98 77
6 9.0 18 59
7 8.0 98 43
8 4.0 4 95
9 3.0 17 58
10 6.0 9 21
11 11.0 17 58
12 9.0 21 95
13 11.0 33 5
14 7.0 21 64
15 9.0 63 79
16 12.0 79 97
17 8.0 41 13
18 15.0 8 79
19 9.0 84 48
20 11.0 39 80
21 9.0 76 22
22 8.0 31 66
23 9.0 9 13
24 13.0 18 96
25 7.0 18 96
26 11.0 21 95
27 12.0 40 48
28 13.0 98 18
29 10.0 75 66
30 8.0 79 94
31 13.0 9 39
32 7.0 24 77
33 4.0 24 67
34 10.0 75 58
35 10.0 73 67
36 11.0 99 77
37 11.0 64 94
38 7.0 31 43
39 10.0 32 66
40 11.0 90 58
41 8.0 73 35
42 12.0 41 81
43 12.0 8 5
44 7.0 21 94
45 13.0 9 44
46 12.0 41 22
47 8.0 98 67
48 6.0 18 63
49 16.0 39 95
50 11.0 8 92
51 13.0 8 79
52 12.0 41 59
53 15.0 71 48
54 6.0 79 92
55 12.0 4 17
56 7.0 75 39
57 11.0 64 39
58 11.0 94 13
59 8.0 64 96
60 9.0 7 93
61 5.0 75 97
62 9.0 75 66
63 7.0 41 92
64 15.0 8 66
65 17.0 98 67
66 9.0 9 66
67 14.0 21 39
68 10.0 71 44
69 6.0 21 18
70 8.0 32 93
71 6.0 99 96
72 5.0 63 43
73 13.0 39 95
74 7.0 33 96
75 8.0 0 39
76 9.0 17 48
77 4.0 39 27
78 9.0 16 48
79 14.0 21 64
80 10.0 71 95
81 19.0 68 18
82 13.0 64 96
83 13.0 9 95
84 13.0 32 95
85 10.0 18 93
86 13.0 71 18
87 13.0 75 39
88 17.0 94 66
89 13.0 79 27
90 14.0 6 95
91 7.0 31 94
92 6.0 25 22
93 9.0 17 98
94 10.0 65 58
95 13.0 75 95
96 3.0 6 58
97 11.0 31 92
98 8.0 21 95
99 13.0 18 66
