0.08236199675062496
0.08152023073970555
0.06242408266853938
0.061045395689658256
0.057933948683512274
0.057512505297007334
0.05750941443578811
0.05612076232200564
0.055161222707450164
0.04926635056734231
0.04779738676304264
0.035321553211327156
0.034463931208602507
0.03376078947566579
0.028952301400328877
0.024626635568023397
0.024210726983465165
0.010869088178554713
0.010854890888778715
0.01083740605927225
0.010492692306868081
0.010465674698580308
0.010272792430352746
0.010221002526526041
0.010200824980865237
0.009875518278628273
0.009857764129515747
0.009680753582627762
0.009636802077310179
0.009627096968657494
0.009436855531581693
0.008987159150224066
0.008865282130599778
0.008843996358704436
0.008761398253656131
0.008703090751364445
0.00866130290556171
0.008646497919148633
0.008620967679305543
0.008584501021015392
0.008561253559187082
0.008502735760865687
0.008491044099508226
0.00848171380595898
0.008476756308441582
0.008406490231384687
0.008370540882283792
0.00836945379625767
0.00830827584866794
0.008262702606330174
0.008227832752892145
0.008199713858163772
0.00816888076354775
0.008156030932094596
0.008139087509539475
0.00800427870828015
0.007869298392389826
0.007809002955829508
0.007787933374824686
0.007737738256502625
0.007677684885651315
0.007668839691147447
0.007627975864178571
0.007626038254935895
0.007617097236904737
0.007561356144183688
0.007422385813990044
0.007290427588677641
0.007257856158682949
0.0069998788311383476
0.006955005441530764
0.006927950328147693
0.006899850006924758
0.006847379439087922
0.006794336405218801
0.0067174251028471604
0.006630933805171941
0.006515630671655177
0.0064434807251931
0.006438298117513831
0.006334794933171902
0.006167044692540657
0.006129679130057442
0.005973181522840241
0.005948009051750413
0.005911684367852447
0.005762265825716934
0.005729151672258111
0.005710085212835976
0.005501951864711225
0.005489470898787058
0.005444915912840089
0.005408531012578613
0.0053894671019016765
0.005251048919328261
0.004982044527257847
0.004783727947394067
0.004231152544637971
0.0037578041005047334
0.0036992854139981097
