0 9.7 65 43
1 6.1 13 37
2 23.5 99 1
3 1.6 11 20
4 4.6 95 25
5 12.6 36 35
6 5.6 17 93
7 2.6 92 26
8 26.4 0 42
9 2.6 17 40
10 6.6 6 3
11 3.8 67 23
12 6.5 65 22
13 2.6 76 37
14 12.3 62 93
15 9.8 43 49
16 4.8 65 35
17 2.8 59 39
18 7.8 13 67
19 7.6 68 22
20 31.2 86 24
21 9.3 92 33
22 35.5 62 67
23 5.7 50 67
24 19.2 7 49
25 0.2 62 25
26 14.7 98 33
27 3.7 6 31
28 3.5 36 95
29 12.4 92 33
30 55.8 45 28
31 3.0 36 1
32 8.8 31 3
33 1.8 43 3
34 2.7 50 3
35 5.2 17 95
36 6.8 62 42
37 42.0 50 60
38 3.0 95 97
39 0.9 67 66
40 27.5 24 3
41 4.7 28 67
42 10.8 95 1
43 5.4 36 22
44 0.5 45 37
45 0.7 65 37
46 15.1 62 31
47 14.1 76 87
48 7.6 6 25
49 2.6 45 39
50 3.4 23 86
51 11.7 45 37
52 0.9 42 3
53 2.4 86 93
54 6.7 45 42
55 2.4 0 13
56 16.1 67 24
57 0.3 36 25
58 2.2 23 26
59 0.4 28 67
60 20.8 14 95
61 7.8 67 72
62 6.1 80 31
63 7.6 7 66
64 7.3 28 1
65 19.7 11 1
66 11.9 7 93
67 1.8 50 67
68 1.0 65 22
69 0.4 99 26
70 24.9 76 3
71 5.9 62 49
72 5.9 63 25
73 5.6 12 26
74 41.7 95 78
75 13.7 28 67
76 5.6 42 86
77 2.8 99 78
78 7.6 92 48
79 11.8 68 3
80 2.8 67 1
81 16.7 59 37
82 4.5 59 28
83 6.0 45 3
84 8.7 6 20
85 22.2 68 49
86 3.4 76 66
87 0.7 0 95
88 8.7 86 66
89 17.4 95 81
90 26.5 12 93
91 31.4 62 31
92 6.8 7 20
93 1.3 11 51
94 7.5 98 37
95 1.6 95 72
96 3.5 7 72
97 78.8 99 67
98 25.0 50 26
99 5.8 6 28
