0 2.2 76 55
1 4.6 2 52
2 7.3 93 28
3 4.7 15 97
4 5.3 15 57
5 4.3 93 90
6 7.7 8 97
7 9.4 11 90
8 13.7 56 86
9 1.7 72 83
10 13.8 8 56
11 2.8 48 90
12 1.8 42 3
13 2.1 36 42
14 2.5 49 45
15 4.3 93 95
16 0.0 15 65
17 7.6 13 87
18 14.5 26 90
19 3.7 15 38
20 5.5 70 90
21 2.0 36 20
22 16.0 76 6
23 0.2 93 90
24 8.4 36 83
25 12.1 83 6
26 13.5 56 64
27 15.1 48 87
28 15.6 60 52
29 1.7 49 95
30 4.1 13 50
31 14.3 15 20
32 0.0 83 57
33 8.6 93 71
34 7.1 9 95
35 8.6 7 97
36 0.2 56 42
37 2.2 11 58
38 1.5 36 58
39 14.1 8 83
40 15.8 56 86
41 5.2 68 28
42 4.9 72 67
43 2.7 7 87
44 0.8 44 28
45 5.8 70 86
46 7.3 56 57
47 6.4 42 57
48 2.5 93 42
49 7.2 68 67
50 9.9 45 42
51 1.5 93 57
52 6.2 29 28
53 2.3 70 28
54 18.6 70 90
55 5.4 45 38
56 0.6 7 90
57 2.8 56 65
58 6.0 8 97
59 3.3 36 25
60 2.3 68 83
61 0.9 7 86
62 21.7 15 65
63 13.4 59 68
64 0.2 13 45
65 2.1 72 90
66 15.3 56 38
67 0.2 83 87
68 3.4 26 20
69 2.5 83 57
70 15.4 56 33
71 0.2 75 71
72 0.0 11 67
73 6.1 9 90
74 28.7 13 14
75 30.7 45 5
76 0.4 13 90
77 17.6 2 64
78 7.6 90 57
79 14.5 7 20
80 6.6 29 87
81 8.0 93 9
82 2.0 59 50
83 4.6 7 6
84 6.0 76 95
85 9.1 13 6
86 2.3 6 20
87 6.5 90 9
88 2.1 56 33
89 5.5 49 79
90 14.8 8 65
91 9.7 90 83
92 10.8 76 25
93 14.4 7 86
94 3.0 39 79
95 6.1 29 28
96 17.6 45 50
97 6.5 36 45
98 2.9 76 39
99 22.9 15 90
