114495892 7.5 21073 56969
114495902 7.5 56969 59068
114495911 7.5 21073 56969
114495920 7.5 56969 59068
114496200 1432.284 64192 53539
114498170 451.35 15050 53539
114500530 220.739791039 14248 13212
114501251 121.340028967 14248 13212
114501680 1500.75 27999 33498
114501791 150.45 90784 53539
114502260 5.25 59290 53539
114502322 2531.305 76699 24183
114502712 73.8 33547 53539
114502730 376.5 59290 53539
114503571 75.0375 27999 29643
114504021 1500.75 27999 33498
114504910 0.068350734261 91037 15240
114505102 45.0224999985 27999 33498
114508302 10500.0 57463 53539
114508440 13500.0 18701 27999
114509332 1500.75 27999 33498
114510120 1452.6048 51811 32
114510241 3003.0 57460 21073
114510621 8678.76 14767 9
114513611 1459.3785 33504 27999
114513882 150.0 21073 56969
114513901 150.0 56969 63699
114514560 300.0 21073 56969
114514580 300.0 56969 63699
114514610 277.88776 332 317
114514821 1500.75 27999 33498
114515360 2655.4425 60027 53539
114515482 6018.0 28837 53539
114515891 150.0 21073 56969
114515901 150.0 56969 65110
114516441 141.653247892 332 317
114516621 16.5164999985 65178 57460
114516670 16.5 21073 57461
114516671 16.5 57461 57463
114517151 37.35 65178 53539
114517941 1.5 33547 53539
114518772 1.8 59911 53539
114519241 13.5 30442 27999
114519430 45.501364543 14252 13212
114519680 3460.35 30679 53539
114519740 1.2 14934 53539
114520751 68.7981867167 14262 13212
114520810 150.0 21073 56969
114520822 150.0 56969 33506
114520930 20.590430423 13417 9
114520930 44.3364290528 14262 13212
114521050 103.840090515 14247 13212
114521052 95.6969401886 14262 13212
114521590 67.3478502039 14262 13212
114521751 87.0 58871 53539
114521841 1500.75 27999 33498
114522190 481.5 22652 53539
114523101 2495.1435 76169 24183
114523900 3616150000.0 147 90898
114524092 39.84 77128 24183
114524291 30.3 15319 53539
114525231 7522.5 58659 53539
114525302 7522.5 58659 53539
114525330 3760.796 76723 24183
114525831 103.730424132 82354 8056
114525880 75.0 21073 56969
114525891 75.0 56969 22533
114526052 15.3 147 27999
114526311 10.76 6729 317
114527261 0.6 59290 53539
114528621 7776.0 76391 24183
114529741 107.60402424 82354 8056
114529960 657.390239549 14939 317
114531550 0.124278 82354 90000
114532011 15.75 15321 64976
114532031 0.124278 82354 90000
114532040 0.124278 82354 90000
114532042 0.124278 82354 90000
114532061 0.124278 82354 90000
114532122 15.75 64976 53539
114532351 1470.0 33503 30368
114532422 1470.0 33492 30368
114532500 2460.0 33501 30368
114533270 72.323 11668 15238
114533390 16.3552 89932 317
114533751 5265.798 30368 27999
114534552 75.0 64117 10362
114534721 144.646 15238 9
114534732 1464.0 33494 33507
114534870 6.0 33494 33507
114535111 450.0 8056 27999
114535330 88.7475533 15238 9
114535740 0.961159102291 91037 86221
114536300 5.6669692 82354 16302
114536880 1500.75 27999 33498
114537062 0.45 61292 53539
114539022 10.76 6729 317
114539170 1.076 15926 317
114539390 130.786723892 15926 317
114539991 2021.40469941 11668 14939
114540942 879.324027134 14939 317
114540970 79.417452362 14247 13212
114541310 66.0 84685 42804
114541331 35.4817433553 13417 9
114541541 750.0 21073 56969
114541551 750.0 56969 60290
114541872 879.324027134 14939 317
114542690 1387.95 28662 27999
114542942 5.38402424 82354 14939
114543360 754.20727588 82354 14939
114545102 0.75 65146 53539
114545201 107.60402424 82354 8056
114545451 1203.6105 22533 27999
114546131 600.75 10414 27999
114547690 193.29733495 14247 13212
114547750 55.0992269239 14262 13212
114547760 130.382052931 14247 13212
114547930 148.015260975 14262 13212
114547930 390.262227088 13417 9
114548511 75.0 21073 56969
114548530 75.0 56969 65180
114548531 204.44998272 13417 9
114549021 151.8783 11668 15238
114549130 63.8201006068 14262 13212
114549190 54.7688265307 14262 13212
114549310 96.0631043053 14247 13212
114549730 149.535136052 13417 9
114549891 153.8744148 11668 15238
114550082 752.2575 33466 27999
114550330 615.0 33498 33494
114550332 153.563534385 13417 9
114550360 660.0 33498 33502
114550381 1110.0 33498 33493
114550411 975.0 33498 33496
114550442 1155.0 33498 33504
114550470 1110.0 33498 33495
114550490 7.5 21073 56969
114550501 7.5 56969 62586
114550502 1710.0 33498 33492
114550531 435.0 33498 33503
114550551 390.0 33498 33505
114550580 975.0 33498 33501
114550822 615.0 33494 33507
114550900 1710.0 33492 30368
114551101 435.0 33503 30368
114551161 975.0 33501 30368
114551161 141.988959892 332 317
114551232 977.934 33496 27999
114551301 2557.65 33495 53539
114551472 1128.375 33493 53539
114551831 146.906115447 14247 13212
114552442 285.115251892 332 317
114552730 60.2017736845 13417 9
114554530 13.4666583168 13417 9
114554661 307.15071839 15238 9
114558251 72.250677 15238 9
114560230 1300.0 22690 0
114560471 1500.0 21073 56969
114560502 1500.0 56969 35569
114560851 1500.0 21073 56969
114560882 1500.0 56969 35569
114560900 1500.0 21073 56969
114560940 1500.0 56969 35569
114560952 1500.0 21073 56969
114562251 1500.0 21073 56969
114562270 3000.0 56969 21983
114564670 151.2780191 15238 9
114565721 144.646 331 9
114568591 0.011 8593 52988
114570310 95.2919964793 14266 13212
114570370 123.267964875 14266 13212
114571380 2169.69 11668 14847
114575201 1504.5 61938 53539
114575350 75.0 21073 56969
114575361 75.0 56969 15097
114577052 11573.25 57862 57506
114577221 11573.1 57506 53539
114579611 750.0 21073 56969
114579621 750.0 56969 60290
114579980 300.902999998 28178 27999
114582111 723.23 75406 14847
114582621 451.5 15192 53539
114584032 75.0 21073 56969
114584061 75.0 56969 10805
114584071 75.0 21073 56969
114584091 75.0 56969 10805
114584292 181.5 60512 53539
114584862 301.5 15114 53539
114585330 1500.0 21073 56969
114585340 1500.0 56969 35569
114585481 75.0 21073 56969
114585491 75.0 56969 10805
114585520 75.0 21073 56969
114585530 75.0 56969 10805
114585840 2031.075 33507 53539
114586622 1416.6 30535 27999
114586751 114.432083157 14266 13212
114586840 1500.75 27999 33498
114587191 3234.7035 30368 27999
114587532 15000.0 21073 56969
114587560 15000.0 56969 63533
114587651 150.45 61292 53539
114587921 75.0 21073 56969
114587952 75.0 56969 32262
114588300 150.0 21073 56969
114588310 150.0 56969 32262
114588532 364.5 28819 27999
114588980 1500.0 21073 56969
114588990 1500.0 56969 64854
114589210 1200.0 21073 56969
114589220 1200.0 56969 9842
114589362 7232.3 11668 13873
114590432 1805.4 13873 53539
114591461 2256.75 13873 53539
114591622 4714.73637 11668 3287
114592062 150.451499998 30576 27999
114593451 3009.027 10942 27999
114593621 42.75 63359 53539
114596920 1500.75 27999 33498
114596921 7605.0 90778 64858
114597262 1158.465 15307 53539
114598361 749.994 63789 53539
114598621 75.3 29938 27999
114598681 1500.0 21073 56969
114598700 1500.0 56969 59931
114598710 1500.0 21073 56969
114598720 1500.0 56969 59931
114598920 5639.067 29938 27999
114600791 15.0074999985 27999 32261
114601100 344.835 29943 27999
114602641 1.35 30120 27999
114602922 0.15 60027 53539
114602971 1500.0 21073 56969
114602981 1500.0 56969 59931
114602991 1500.0 21073 56969
114603001 1500.0 56969 59931
114603660 180.0 21073 56969
114603671 180.0 56969 65123
114603680 75.0 21073 56969
114603691 75.0 56969 65005
114605812 1.05 15220 53539
114606631 1200.0 21073 56969
114606642 1200.0 56969 64815
114607180 297.6 70652 32
114607310 30.0 21073 56969
114607320 30.0 56969 64815
114607651 15.0 21073 56969
114607661 15.0 56969 64815
114608361 1.32 64465 53539
114608861 150.45 61408 53539
114608980 719.151 15307 53539
114609360 1805.4165 33505 27999
114609952 1500.0 21073 56969
114609962 1500.0 56969 64815
114611730 180.539999999 15232 53539
114612880 663.190388928 14939 317
114613811 663.190388928 14939 317
114616291 1.05 64980 53539
114617621 150.075 27999 33498
114617711 150.075 27999 33498
114617981 150.075 27999 33498
114618132 0.11349648 82354 90254
114618141 0.11349648 82354 90254
114618150 0.11349648 82354 90254
114618160 0.11349648 82354 90254
114618601 2324.16865177 11668 14939
114619931 451.5 32943 53539
114620392 30.0 21073 56969
114620410 30.0 56969 64871
114620420 225.675 6518 53539
114620820 537.78407908 82354 86792
114621742 3.3 14765 14328
114622212 150.075 27999 28573
114622692 15.0 21073 56969
114622702 15.0 56969 65186
114623121 133.8 14328 53539
114623170 1043.55665271 14233 13212
114623530 852.731693981 13417 9
114624130 178.630122065 14248 13212
114624250 134.685929571 14248 13212
114624402 269.864824132 82354 86792
114624730 43.1552570491 14252 13212
114625061 170.68228 12203 9
114625091 52.2196939112 14252 13212
114625341 4513.5405 10942 27999
114626271 1500.75 27999 33498
114626321 1167.9264 77050 24183
114626340 5785.84 9428 9
114627081 3083.688 27540 13873
114627972 1500.75 27999 29061
114628062 1050.525 27999 29061
114628422 75.0375 27999 29061
114628431 1.2 27999 29061
114628440 7.5 27999 29061
114628922 77.9850085594 14247 13212
114628922 272.133787723 14239 13212
114629120 269.614293069 14239 13212
114629140 104.788946578 14247 13212
114629420 7.5 21073 56969
114629431 7.5 56969 62586
114629433 1350.0 21073 56969
114629442 1350.0 56969 65186
114629710 52.4345438473 14262 13212
114630123 83.6559490093 14239 13212
114630132 150.075 27999 33466
114631402 75.0 21073 56969
114631420 75.0 56969 62586
114632020 723.23 75406 14847
114632742 107.71162424 82354 8056
114632771 1.05 64980 53539
114633251 504.0 33498 33494
114633282 2910.0 29061 30395
114633390 1350.0 21073 56969
114633400 1350.0 56969 60836
114633402 75.0 21073 56969
114633412 75.0 56969 62586
114633422 441.0 33498 33502
114633482 504.0 33498 33493
114633511 504.0 33498 33496
114633532 504.0 33498 33504
114633560 504.0 33498 33495
114633581 504.0 33498 33492
114633621 459.0 33498 33503
114633640 459.0 33498 33505
114633670 504.0 33498 33501
114633712 496.5 33493 53539
114633720 6.0 33498 33501
114633750 6.0 33498 33505
114633770 6.0 33498 33503
114633790 6.0 33498 33492
114633992 6.0 33498 33495
114634011 6.0 33498 33504
114634041 6.0 33498 33496
114634060 6.0 33498 33493
114634070 15.0 21073 56969
114634081 6.0 33498 33502
114634081 15.0 56969 62689
114634102 6.0 33498 33494
114634102 3009.027 30395 27999
114634742 450.0 21073 56969
114634760 450.0 56969 29058
114635462 214.558424132 82354 8056
114635830 78.612497372 14266 13212
114636730 18.9704603137 13417 9
114636790 68.7435249933 14266 13212
114638311 144.646 15238 9
114639840 789.8625 15307 53539
114639931 144.646 15238 9
114640512 170.68228 12203 9
114641131 144.646 15238 9
114641770 0.0053012759 11356 231
114642111 0.147945177853 11356 231
114642180 0.004566503 11356 29
114642430 7.5 21073 56969
114642441 7.5 56969 64863
114642791 144.646 15238 9
114643352 144.646 15238 9
114643921 0.0 11356 231
114644911 72.323 231 11356
114646102 2.4748 231 11356
114648830 144.646 11668 15238
114650121 18.0204946964 11356 29
114652090 43.1791164068 14252 13212
114654361 144.646 15238 9
114655502 144.646 11668 15238
114657871 3503.456 82354 8203
114658371 79.5553 15235 9
114659251 10038.4324 15235 9
114660762 222.666 29639 53539
114661541 72.742999989 89393 89397
114661781 87.284999989 89393 89397
114661931 144.646 15238 9
114662442 180.541499999 31055 27999
114662581 177.532499999 31055 27999
114663310 311.022819487 14239 13212
114664440 2220.31609277 15235 9
114664851 390.5442 11668 4420
114666591 30.0149999985 27999 28970
114666901 900.0 21073 56969
114666912 900.0 56969 60836
114666950 144.646 15238 9
114668310 130.876199829 11668 4420
114668480 1504.5 13873 53539
114668521 144.646 15238 9
114668621 723.23 331 9
114669021 144.646 15238 9
114669350 73.453046875 90751 13635
114670561 75.0 21073 56969
114670572 75.0 56969 15097
114670640 450.225 27999 33466
114671012 144.646 15238 9
114671462 286.9632 73936 77447
114671562 144.646 15238 9
114671670 4798.9632 73936 75303
114671802 478.9632 73936 77483
114671892 94.9632 73936 76350
114671961 103.4784 77444 24183
114672050 190.9632 73936 75035
114672150 677.025 15307 53539
114672171 606.3135 61544 53539
114672190 382.9632 73936 75927
114673000 1.6799999985 15232 63560
114673331 7522.5675 33376 27999
114673430 7522.5675 33376 27999
114673620 144.646 15238 9
114673811 144.646 15238 9
114673820 600.0 21073 56969
114673830 600.0 56969 64735
114673851 15.0 21073 56969
114673861 15.0 56969 64428
114674111 9.181621819 90751 13635
114674162 750.0 21073 56969
114674170 146.90609375 90751 13635
114674172 750.0 56969 15013
114674421 73.453046875 90751 13635
114674690 89.752843 90752 52586
114674710 144.646 15238 9
114675191 3768.26412361 74027 76716
114675312 2644.911 60027 53539
114675501 1386.03669373 11668 4420
114675570 462.6375 33508 27999
114676030 974.26766042 14233 13212
114676162 2675.951 15235 9
114676440 4062.15 61614 53539
114677802 144.646 15238 9
114678401 3309.9 9968 53539
114678461 301.5 15094 53539
114679111 1435.4784 76444 24183
114679971 510.0 33494 33507
114680091 6683.8656 54202 73576
114680211 144.646 15238 9
114680722 1500.75 27999 33498
114681030 366.048 33509 27999
114681380 144.646 15238 9
114681601 190.9632 73936 77783
114682002 750.0 21073 56969
114682012 750.0 56969 65194
114682460 144.646 15238 9
114682661 95.5008 54202 73582
114682891 296.5632 73936 77833
114682942 144.646 15238 9
114683160 376.5 60549 53539
114683242 958.9632 73936 76006
114683621 376.5 60548 53539
114683910 282.24 76094 24183
114683911 144.646 15238 9
114684632 144.646 15238 9
114684792 925.8048 47256 32
114684881 526.575 63687 53539
114684922 812.429999998 15307 53539
114685870 31.05 33157 27999
114686042 579.5136 74938 24183
114686300 255.6864 13547 24183
114687401 520.7256 48120 24183
114688080 889.5729 3855 9
114688992 1500.75 27999 33498
114689050 465.0 33503 30368
114689230 510.0 33492 30368
114689290 510.0 33501 30368
114689420 1504.5135 30368 27999
114689610 144.646 15238 9
114690162 300.0 21073 56969
114690180 300.0 56969 65195
114690450 45.0224999985 27999 33466
114690511 3000.0 21073 56969
114690521 3000.0 56969 62689
114691100 144.646 15238 9
114691830 406.217999998 29706 27999
114691880 144.646 15238 9
114691960 25.65 29706 27999
114692041 60000.0 27999 186
114692400 964.4256 77789 24183
114692750 144.646 15238 9
114692900 1654.95 33504 53539
114693331 150.075 27999 33466
114693812 145.1160995 15238 9
114694422 45.3 31751 27999
114694461 750.0 21073 56969
114694471 750.0 56969 33506
114694812 1.05 15220 53539
114694950 150.075 27999 10643
114694962 77.25 61335 53539
114695090 48000.0 24183 73936
114695211 21696.9 24183 74027
114695242 1.076 13292 317
114695370 10.76 13292 317
114695380 7232.3 74027 74987
114695421 3500.9856 53102 32
114696002 105.01095032 82354 13292
114696212 144.646 15238 9
114696390 45.0224999985 27999 33466
114696792 24.3 61927 53539
114696812 45.0 21073 56969
114696831 45.0 56969 61292
114697100 29321.28 73936 75442
114697291 4339.38 9428 9
114698210 640.916999998 61256 53539
114698462 79.8 61255 53539
114698862 752.25 14517 53539
114699220 288.0 73936 76580
114699583 3600.0 21073 56969
114699600 3600.0 56969 11650
114701432 195.0975 27999 33466
114703722 0.75 64740 53539
114703722 135.105 30402 27999
114703980 0.75 64740 53539
114704000 135.0 21073 56969
114704010 135.0 56969 59847
114704012 0.12603188 82354 90000
114705320 10760.0 317 82354
114705650 300.0 21073 56969
114705662 300.0 56969 65197
114705962 82.5 84685 86567
114706671 147.441 59068 53539
114708081 24960.0 75442 24183
114708490 144.646 11668 15238
114708490 151.234784411 14247 13212
114708551 141.688394309 14247 13212
114710011 150.0 21073 56969
114710021 150.0 56969 30193
114710200 902.7075 33466 27999
114710880 1500.0 21073 56969
114710890 1500.0 56969 64815
114711172 0.187386888375 91037 90664
114711181 27.8987787391 91037 8056
114711190 43.3513068781 91037 14020
114711192 7.21688485418 91037 6729
114711201 5.58450148838 91037 91038
114711210 0.976991268114 91037 16375
114711212 0.930537 91037 7637
114711912 111.800424132 82354 86028
114712451 292.778999999 32749 27999
114713701 7232.3 74814 24183
114713982 46.13383356 82354 13792
114714421 59.1900472375 13792 9
114714841 336.2565 59580 53539
114715731 11735.1 63533 53539
114716381 53.8040241324 82354 90258
114716780 0.6 64980 53539
114717192 150.0 21073 56969
114717202 150.0 56969 13616
114718140 1308.915 64199 53539
114718240 144.646 15238 9
114718590 592.0216134 90752 52586
114718750 88.95729 90752 52586
114718990 0.72323 90752 52586
114719461 98.6334045608 91037 13713
114719491 13.1634303731 91037 15240
114719680 93.0525275141 91037 85571
114719702 7.5 21073 56969
114719712 7.5 56969 59068
114719860 16.7492751745 91037 86199
114720551 7.14731418591 91037 6729
114721780 0.08991056 82354 90254
114721801 111.904 86028 317
114722680 1500.75 27999 33498
114723132 420.0 33498 33494
114723160 420.0 33498 33502
114723181 420.0 33498 33493
114723210 813.0 33498 33496
114723241 420.0 33498 33504
114723311 420.0 33498 33495
114723332 420.0 33498 33492
114723361 420.0 33498 33501
114723390 375.0 33498 33503
114723411 375.0 33498 33505
114723881 2.1026116 82354 90000
114724062 1323.972 33496 27999
114724101 421.5 33493 53539
114724211 420.0 33494 33507
114724490 49.1732 89932 317
114725700 9.30537 13713 232
114725950 13.027518 15240 13713
114726110 9.30537 91037 13713
114726360 387.369038292 82354 13713
114727390 842.5275 31751 27999
114728341 5.2724 86430 317
114728770 0.05 24020 53027
114729011 104.330794838 14237 13212
114729060 7.9732138 82354 16302
114729122 8678.76 277 24020
114729141 7500.0 277 24020
114729200 5122.4875 24020 8984
114729201 46.31076024 82354 13792
114729922 558.32348228 91037 7637
114730040 557.391663 7637 228
114730390 305.675618482 14237 13212
114730690 1250.25 15310 15218
114731172 3000.0 21073 56969
114731190 3000.0 56969 15218
114731860 750.0 21073 56969
114731871 750.0 56969 15307
114731871 59.2206543311 13792 9
114731900 829.899185468 90752 52586
114732211 15000.0 21073 56969
114732230 15000.0 56969 15218
114732380 10.76 90000 317
114732431 400.955833545 14233 13212
114732570 7500.0 21073 56969
114732592 7500.0 56969 64792
114733151 100.233103839 14233 13212
114733412 5000.0 277 24020
114733590 7500.0 21073 56969
114733610 7500.0 56969 64792
114733952 7500.0 21073 56969
114733980 7500.0 56969 64792
114734000 7500.0 21073 56969
114734020 7500.0 56969 15218
114734041 298.369733091 14939 232
114734160 5.28044848 82354 14939
114734362 15000.0 21073 56969
114734390 15000.0 56969 15218
114734530 13.6788938907 91037 14939
114734571 643.16218212 82354 14939
114734590 4.304 82354 14939
114734960 13.45 16302 317
114735030 284.683009568 14939 232
114735881 166.3429 331 9
114737290 14464.6 11668 13679
114737371 5.2814384 82354 14813
114738150 271.004115008 91037 14939
114738430 253.222794812 82354 14813
114739980 3838.8831431 11668 15291
114740201 108.580999989 260 7629
114740241 165.554723946 13417 9
114740531 636.312370478 13417 9
114740650 483.368617732 82354 14813
114740901 59.1483457957 11668 13792
114741581 215.1954808 82354 90274
114741890 3000.0 21073 56969
114741902 3000.0 56969 10942
114742320 544.96415176 82354 14813
114743710 259.531721942 14237 13212
114744241 722.159999998 14999 53539
114747360 829.899185468 90752 52586
114748102 10848.45 11668 1245
114748412 4500.0 21073 56969
114748431 4500.0 56969 10942
114748440 10.631481 90752 52586
114748741 10.66691927 90752 52586
114748912 10.66691927 90752 52586
114749011 151.202999998 31055 27999
114749081 10.66691927 90752 52586
114749100 3000.0 21073 56969
114749120 3000.0 56969 10942
114749651 2696.6775 27540 13873
114751090 2250.0 21073 56969
114751102 2250.0 56969 22422
114751120 7500.0 21073 56969
114751131 7500.0 56969 10942
114751752 1500.75 27999 10942
114751792 4500.0 21073 56969
114751810 4500.0 56969 10942
114751822 15000.0 21073 56969
114751841 15000.0 56969 15218
114752010 2358.7395 7882 27540
114752182 75.0 21073 56969
114752201 75.0 56969 15097
114752212 2250.0 21073 56969
114752230 2250.0 56969 22422
114752242 4500.0 21073 56969
114752261 4500.0 56969 10942
114752930 1500.0 21073 56969
114752942 1500.0 56969 3287
114753102 95.5008 54202 73538
114753120 95.5008 54202 73522
114753671 2102.133 13873 27540
114754012 1880.398 90751 90752
114754150 150000.0 53539 21073
114754290 15000.0 21073 56969
114754310 15000.0 56969 64792
114754570 150.45 13873 53539
114754621 1446.46 90752 12374
114754972 3000.0 21073 56969
114754991 3000.0 56969 10942
114755010 71.2598519 90752 52586
114755400 72.323 12374 52586
114755651 3000.0 21073 56969
114755671 3000.0 56969 10942
114755890 14.4646 90751 90752
114755961 576.0 75406 14847
114756010 0.72323 90751 90752
114756440 1500.75 27999 10942
114756470 374.4 75406 14847
114756661 450.0 21073 56969
114756680 450.0 56969 15307
114756681 867.875992768 14847 9
114757210 361.615 90751 4339
114757390 1951.7745 7882 27540
114757422 2892.84766977 74027 73536
114757840 5.325124 85395 317
114757890 3000.0 21073 56969
114757902 1054.9632 73936 77643
114757910 3000.0 56969 64792
114758030 286.9632 73936 77854
114758202 480.0 73936 77859
114758311 210.63 29650 53539
114758340 478.9632 73936 77414
114758452 2302.9632 73936 73536
114758530 361.615 90751 4339
114758541 1918.9632 73936 74902
114758590 361.615 90751 4339
114758641 176.026499999 29639 53539
114759471 752.25 30348 53539
114759820 2675.951 73536 24183
114761212 2.4 70475 73986
114761270 2.4 70475 73987
114761440 600.0 21073 56969
114761461 600.0 56969 6518
114761512 142.9632 73936 77706
114761810 120.75 63923 53539
114761931 1050.894 59943 53539
114762080 7522.5675 33376 27999
114762132 7522.5675 33376 27999
114762441 315.945 64220 53539
114762640 121.5 28143 53539
114763230 574.9632 73936 77860
114763741 15.0 21073 56969
114763752 15.0 56969 64990
114763840 0.01726 11753 272
114764161 224.1705 65198 53539
114765072 300.0 21073 56969
114765090 300.0 56969 61794
114765752 3000.0 21073 56969
114765762 2880.0 67797 67852
114765780 3000.0 56969 64792
114765811 1099.8645 59937 53539
114767042 15.3 65169 53539
114767901 1084.845 14847 9
114768892 1909.68 54202 73579
114769061 5062.61 9428 9
114769360 3616.15 3287 9
114769690 3000.0 21073 56969
114769710 3000.0 56969 3287
114769820 1084.845 74027 75406
114770860 26.88 75986 24183
114771630 0.75 63338 53539
114771792 1555.896 7882 27540
114771900 106.655999989 260 7629
114772061 7008.0 76060 24183
114772071 526.575 63338 53539
114772392 1082.4885 28705 53539
114772642 450.0 21073 56969
114772662 450.0 56969 22533
114773191 22596.0 72834 75441
114773191 960.0 74994 24183
114773290 15.3 62781 53539
114773581 1452.6048 73574 32
114774191 14464.6 11668 13679
114774460 96.4416 54202 51601
114774542 1731.5136 76580 24183
114775731 375.0 33503 30368
114775792 116.5995 61233 53539
114775811 420.0 33501 30368
114775940 420.0 33492 30368
114776122 887.6625 33505 27999
114776420 857.565 62781 53539
114776821 9600.0 73936 13569
114776942 71.2619999926 89393 68276
114777511 752.25 28926 53539
114777570 71.2619999926 89393 68276
114779012 9600.0 73936 75171
114779191 500.998499998 61212 53539
114779311 1504.5 60849 53539
114779720 150.45 60518 53539
114779890 960.0 73936 77745
114781191 41.8656 70475 73987
114782051 785.119149632 15311 9424
114782580 261.786 30466 27999
114782670 15.3 30442 27999
114783141 151.354499998 30662 27999
114783771 184.6035 30518 27999
114784361 179.939999998 30540 27999
114784581 180.992999998 30538 27999
114784810 51.8654196957 14263 13212
114784821 174.5235 30557 27999
114785000 179.488499999 30542 27999
114785180 189.268499999 30528 27999
114785870 53.794351 82354 86755
114785990 750.0 21073 56969
114786003 750.0 56969 15307
114786230 150.075 27999 33466
114786451 98.25 30314 53539
114786590 450.225 27999 33466
114786731 0.8374833 91037 12185
114786820 45.0 21073 56969
114786832 45.0 56969 64863
114787360 9600.0 73936 77867
114787572 10760.0 13569 24183
114787610 1.03684898187 91037 90037
114790661 150.0 9092 27999
114791721 598.83444 11668 2132
114791751 219.513038292 82354 86199
114791962 144.646 15238 9
114792262 78.72 76404 24183
114792962 145.857189562 91037 86199
114793951 2963.865 33502 53539
114794160 16.5 33502 53539
114796261 106.676425 90752 52586
114796331 81.146406 90752 52586
114796990 1880.398 90751 90752
114797030 59.1483457957 13792 9
114797050 940.199 90751 90752
114797082 4.652685 14939 232
114797082 275.0 84685 86722
114797151 110.0 84685 84808
114800102 0.6 59290 53539
114800370 11.7868013703 91037 85364
114800481 450.0 21073 56969
114800502 450.0 56969 60836
114800571 0.6 90785 53539
114801510 144.646 11668 15238
114801550 496.485 30706 53539
114801650 12760.7616 67849 24183
114801681 214.511199993 89393 68276
114802140 150.0 21073 56969
114802150 150.0 56969 60836
114802250 15.0074999985 27999 33498
114802252 15.0074999985 27999 33498
114802521 15.00