0.3351240710548069
0.2906017205955363
0.11648252483904929
0.10115608926678808
0.08936611900433791
0.07384427512751571
0.06914391210154976
0.06835457082828755
0.057197419612385586
0.05104782697547075
0.050956085132028234
0.0478908114034892
0.04529098446847364
0.038475316227326126
0.03653499464414738
0.03214145534028032
0.028157127121258223
0.027810268363762478
0.0231681898348565
0.018760573012273688
0.01841570726852112
0.01830043968262892
0.0170062152282313
0.01627836363457885
0.01438240519873173
0.01419524038571657
0.013980686506969745
0.01362941039811788
0.01320248156982851
0.01266814566134294
0.012564605622737967
0.012506860280515198
0.01200351276108852
0.011083625369339654
0.010972961050264697
0.010467248686172617
0.009834028062228434
0.009368302395513282
0.00904349321170595
0.008625369339655053
0.008506509867054084
0.008372033495719335
0.008219560507748509
0.00788967211354348
0.007401565943619128
0.006876180005431706
0.006601910080574274
0.006144918722222371
0.005157666722292572
0.004581365975923799
0.004070269500077787
0.003273502763298681
0.0031715764708961976
0.0028722600151171577
0.0027580930487547677
0.0027424055021457614
0.0026752788657550563
0.002304883210881974
0.002070190969387011
0.001964576114235978
0.001958849918033591
0.0019100433911813006
0.00179688036830894
0.001676187769261362
0.001494094730025466
0.0014086442657871227
0.0013974372817910233
0.0013027096360429694
0.0012299869442726585
0.0012265512265512263
0.001225495226732085
0.0010266251762850401
0.0009963581392152822
0.0008623651480794338
0.0007990497786416152
0.0007902150759293616
0.0007678011079371626
0.0007627293341579055
0.0007391701269252289
0.0007283721569435854
0.000682562587324492
0.0005570770876893326
0.000549714835429121
0.0005359719645433931
0.0004417351356126866
0.0003970708052340705
0.0
0.0
0.0
0.0
0.0
0.0
0.0
0.0
0.0
0.0
0.0
0.0
0.0
0.0
