0 8.7 53 68
1 16.7 32 33
2 0.1 39 31
3 0.2 0 24
4 5.8 63 65
5 38.1 5 24
6 0.1 91 24
7 23.9 32 7
8 6.3 0 38
9 21.3 13 17
10 0.1 63 50
11 11.7 22 30
12 1.6 5 95
13 2.0 63 7
14 1.2 69 34
15 10.3 43 70
16 6.5 47 35
17 40.0 32 33
18 3.6 53 4
19 16.8 85 65
20 1.6 85 33
21 1.0 0 13
22 9.2 69 33
23 4.3 69 76
24 7.6 39 83
25 3.1 13 82
26 1.9 41 71
27 40.7 39 76
28 3.6 88 50
29 13.7 41 68
30 0.8 13 93
31 0.2 52 35
32 5.3 13 17
33 18.7 53 30
34 0.0 58 47
35 1.9 5 69
36 8.2 85 86
37 23.2 86 50
38 3.0 91 47
39 14.6 62 93
40 4.9 86 14
41 23.9 65 93
42 21.3 44 65
43 14.3 69 53
44 0.9 65 7
45 5.7 39 31
46 17.8 85 73
47 6.3 18 68
48 0.4 60 93
49 4.7 69 17
50 3.1 53 34
51 0.1 13 4
52 20.4 62 35
53 14.7 60 48
54 8.2 58 76
55 0.2 43 47
56 16.5 69 50
57 12.0 88 50
58 38.5 13 33
59 25.8 91 36
60 9.9 13 68
61 0.3 60 48
62 2.6 0 35
63 19.5 90 65
64 3.6 39 93
65 2.6 85 13
66 4.9 69 95
67 9.5 44 93
68 1.1 85 47
69 2.5 62 14
70 6.0 91 82
71 7.2 85 31
72 13.9 18 7
73 32.1 32 17
74 6.1 60 31
75 31.8 2 36
76 3.1 42 95
77 1.8 91 83
78 12.3 39 33
79 5.9 32 47
80 2.4 39 86
81 3.8 18 7
82 1.9 5 68
83 6.8 2 32
84 8.8 32 94
85 6.6 85 95
86 9.7 13 33
87 4.3 90 33
88 21.4 43 31
89 23.7 64 17
90 8.5 69 24
91 14.4 56 69
92 24.1 5 50
93 28.0 53 95
94 14.0 32 50
95 8.1 43 65
96 9.2 44 83
97 27.3 90 31
98 9.7 43 68
99 15.1 77 95
