525.0 38471 42
0.361615 25364 4067
1518.783 13126 3
0.3072 10308 37490
1648.65 24749 98
0.0010466291232 21598 7611
0.3072 10308 37490
9401.99 8706 4865
19.6608 3807 52917
165.61967 8886 38
10272.0 6391 68
30000.0 14553 15857
0.361615 25364 4067
723.23 30718 3
281.987377 18855 3
875.829823177 52492 3
723.23 14028 38
216.969 25450 3
0.3 36594 46831
108.0 22852 19254
15.0 19176 5685
723.23 2464 3
218.863499999 36035 10514
857.02755 1783 3
26026.588718 36386 38
12.6991240524 1512 29975
723.23 23169 101
722.868385 289 24884
1.1 52376 44270
2.4576 3807 52917
36.1615 40199 633
1718.82841077 7171 38
0.3 22098 11895
150.0 33614 19159
0.72323 24664 37490
4.4 52376 44270
2431.359 40269 24884
24.12 17999 5685
0.361615 25364 4067
0.72323 25364 4067
723.23 25139 38
7.2323 1845 17275
433.938 11239 3
5.78584 20571 4865
289.292 1845 41193
4.8 33027 20219
16246.6387128 410 57143
5.5 27222 11
1677.8936 19819 70
0.01875 10308 18067
1.8 21138 14553
1808.075 410 15764
0.00765 35321 47889
3616.15 2094 2093
0.0672 194 903
757.054499998 4470 29135
0.72323 4865 40440
0.375 51915 11364
0.3 38308 11895
1.2288 12844 22098
1.1 3807 44270
723.23 38548 3
0.0181241438 3170 66703
0.55 3807 44270
0.6144 12844 22098
1533.97083 39657 38
1.2288 3807 52917
0.6 38308 11895
188.0398 55862 38
3616.15 12196 40
0.72323 25364 4067
2165.35062 810 3
0.3072 33027 37490
0.72323 25364 4067
2.4 37490 20219
0.6144 12844 22098
998.057392768 21980 38
1773.142991 58895 633
2.89292 20571 40440
0.6144 12844 22098
5.78584 4865 20571
0.96 15896 5218
428.7 7973 645
0.6144 18067 37490
127.28848 13700 20012
2003.9328 29799 24
0.15 33027 20219
5.5 27222 11
30.0149999985 29135 11850
0.96 15896 5218
0.3 38308 11895
1446.46 14028 38
2.16969 51490 70
0.15 46831 36594
1.1 3807 44270
0.0375 10308 18067
0.0534683 8349 632
578.584 19748 38
0.15 36594 46831
0.1841220244 22262 451
0.72323 20571 4865
4.5 9519 14482
0.1375 3807 44270
0.0288 39928 17654
0.3 46831 36594
0.6144 12844 22098
0.361615 20571 4865
0.3072 12844 22098
0.15 22098 11895
4666.24746528 52492 3
0.0192 33027 37490
15.0 2369 10330
0.98992 26161 17
0.00765 35321 13369
2.2 52376 44270
0.3 36594 46831
0.15 38308 11895
210.0 33614 27798
375.0 29135 5093
0.6144 3807 52917
0.3 43978 36594
723.23 2464 3
216.969 14028 3
5992.8576 4779 68
0.0375 10308 18067
7.2323 1845 17275
0.72323 20571 40440
723.23 14028 38
4.8 12844 11895
0.0768 33027 37490
0.6144 39928 67102
1.1 52376 44270
294.0 29135 5093
1446.46 37084 38
0.0288 39928 66746
4.9152 11895 22098
73.0 34409 3372
0.937029425422 6998 45246
0.00765 35321 11820
7.5 40360 29135
1446.46 15764 3
1446.46 40269 38
0.15 34612 34979
1.1 52376 44270
1500.0 4298 29135
1446.46 20219 24884
0.3072 3807 52917
11.1 11835 42
0.361615 25364 4067
2958.0 9511 9733
91.2 194 36495
94.0199 289 810
0.72323 25364 4067
0.3 36594 46831
1.44646 20571 40440
0.275 3807 44270
5323.2 47349 2618
2.4576 33027 37490
7.2323 6740 38
0.00765 35321 9915
0.3 12377 34979
222.665999998 23265 10514
4.8 46831 36594
0.6144 29861 52917
4.4 52376 44270
0.3 33027 20219
451.349999998 23206 6744
0.3 36594 46831
0.72323 4865 20571
0.048 4440 17150
4.4 52376 44270
0.2169617677 10327 13565
1.2 36594 46831
0.0 17702 8640
0.3456 39928 25987
1.8336 39928 28780
0.6 37490 18067
1.296 39928 8993
0.00765 35321 28106
0.6 33027 20219
657.994654 7582 7581
9.694 24 17444
18.5568 39928 47313
0.1375 52376 44270
1.44646 4865 40440
0.72323 4865 20571
1205.11814177 40017 38
723.23 28307 38
361.615 28426 27101
0.0814 9302 31703
0.55 52376 44270
225.0 1783 40
0.55 52376 44270
1.44646 4865 20571
2.2 52376 44270
9.8304 3807 52917
11.0 24516 24517
7500.0 29135 20052
0.275 3807 44270
20.25 24114 40
0.00765 35321 41134
0.361615 4865 20571
1.726E-5 32587 48829
0.77 18575 34729
2169.69 38809 3
440.0 28062 28911
169.814404 810 495
0.144646 29400 3
50.6261 5318 38
0.72323 25364 4067
0.0096 39928 31826
2950.199816 116 3
2.27E-8 8881 14081
7500.0 26410 14553
1.1 52376 44270
0.361615 25364 4067
5470.794 116 10514
410.433025 48634 3
0.15 22098 11895
1.8144 39928 31053
1.44646 20571 40440
5.5 27222 11
3482.07462843 52492 3
80.27853 35430 3
1.44646 25364 4067
0.72323 25364 4067
698.64018 21334 3
3616.15 23342 3
0.00765 35321 29564
0.00765 35321 63375
300.0 33614 27798
0.011 3566 11452
2.4576 29861 52917
0.0650907 20375 3
1.44646 20571 4865
478.9632 34808 51386
72.323 38809 3
2.2 52376 44270
1446.46 810 3
1.2288 3807 52917
0.72323 1845 4032
0.22 26161 11
2169.69 810 3
300.0 29135 64503
129.12 8645 17
0.3 46831 36594
150.0 16169 52917
4.9152 3807 52917
1446.46 35326 38
7.5 33614 23421
0.6 38308 11895
361.615 10532 3
0.15 36594 46831
2.89292 20571 40440
2.4 33027 20219
0.01726 29009 15417
122.88 27504 68
601.8 53894 14553
63.36 816 12802
15.0 2369 62964
7.2323 48567 3
0.361615 40440 4865
0.001973 57467 5
8.8 3807 44270
4.9152 3807 52917
2787.5136 27376 7
3.523769E-6 43464 13278
0.72323 25364 4067
2.4576 33027 37490
5.78584 40440 20571
1.44646 40440 20571
1360.6656 14615 68
72.323 20375 38
723.23 49201 3
4.9152 3807 52917
1.5127081692E-4 32587 48829
1500.0 33614 34612
988.5 25452 29135
0.275 3807 44270
180.8075 37900 3
0.00765 35321 56626
223.2192 4426 68
4.9152 12844 22098
1726.9632 34808 61961
0.96 15896 5218
5.92 53868 60764
1388.6016 14028 3
4.33938 34387 3
0.0288 39928 38559
7.0848 39928 37190
2409.6 54619 7
0.3855 3325 16656
7518.75 5727 6744
1808.075 48138 3
0.72323 25364 4067
0.075 10308 18067
6.3936 39928 59363
2.89292 4865 20571
1.5E-7 6133 11200
7232.3 42429 38
22500.0 42 2369
4.4 52376 44270
0.01 14623 14345
10848.45 1464 3
0.0096 39928 38559
0.96 15896 5218
0.6 11895 22098
7.05 15016 14553
10.5 34447 42
246.983045 2150 3
96000.0 5304 10689
1030.1295 24884 40269
135.21158041 29861 52917
2258.06869877 39657 3
506.261 955 3
14.64 39928 6343
723.23 14028 38
0.00765 35321 55984
15.7559777911 7217 70
42.3131999926 17047 7304
0.72323 25364 4067
2.4576 3807 52917
15.0 48843 5265
72.323 38809 3
150.0 33614 40263
0.361615 25364 4067
1.1 52376 44270
282.0 29135 5093
0.72323 9322 38
0.72323 4865 20571
0.3 38308 11895
0.275 3807 44270
1.726E-4 48829 34618
3.1 49457 53813
1.8 15122 14553
723.23 20219 24884
0.72323 25364 4067
0.72323 25364 4067
0.72323 20571 40440
0.0072323 1845 23856
0.3 36594 46831
0.0011 20128 4929
0.6 11895 22098
22.3776 44860 7
1354.05 57074 14553
72.323 410 40199
3898.944 63365 194
1.44 26 5260
0.72323 20571 40440
450.0 33614 38406
2.89292 4865 40440
2.2 3807 44270
108.4845 2466 38
72.323 38809 3
0.0074 9302 21775
10045.3344 40004 68
4.4 52376 44270
156.540374998 44151 29135
8.968052E-4 6840 40
150.0 33614 26970
9696.0 1095 816
0.361615 20571 4865
20.3574 24 46220
289.292 22740 38
396.3 5346 29135
700.8 50056 24
6.6 2955 21336
2.8032 39928 37380
0.3 46831 36594
0.15 36594 46831
14.4646 974 38
48.825 5877 10514
39.3216 3807 52917
0.15 34612 34979
4.8 12844 11895
0.96 34808 14778
502.08 2437 33118
0.275 52376 44270
9.6 22098 11895
7.5 22362 14553
0.275 3807 44270
7.2323 33935 4361
0.55 3807 44270
361.615 49043 400
0.00765 35321 54960
0.075 37490 18067
1808.075 5865 3
0.1536 18067 37490
2.4 12844 11895
0.3072 3807 52917
601.8 25326 14553
0.011 34729 18575
723.23 11944 38
3616.15 25450 3
19200.0 34808 44599
75.93915 44307 38
37.65 7973 645
1084.845 8706 810
723.23 40782 3
384.0 11246 816
11644.8 16071 816
45.0 33614 3636
2.4 33027 20219
267.5951 410 25183
1.726E-6 48829 4206
18080.75 15253 38
12.3936 39928 1476
300.0 22385 14553
7.5 33614 29708
3.6 19 56393
1.726E-6 48829 4206
2.2 52376 44270
0.361615 25364 4067
723.23 10540 38
48.37613147 40563 3
144.646 27101 3
2.4 37490 20219
1.2288 3807 52917
191.65595 20375 3
9.6 38308 11895
0.00765 35321 33872
2609.341517 10261 3
2832.6816 1938 68
1221.804 44214 14553
1446.46 2216 3
1.44646 40440 4865
85.919724 61343 3
2851.2 816 382
0.6 33027 20219
0.0453598485 37490 20219
9600.0 1264 26
0.3 36594 46831
1504.5 3636 14553
11.57168 34612 12377
43.2825 9511 39449
0.6144 33027 37490
1.4247631 59194 38
0.0096 39928 31699
4.784999989 59980 11
2.89292 4865 20571
9.8304 29861 52917
0.3072 12844 22098
960.0 26410 1516
6.3716563 1845 65221
72.6 53147 326
0.72323 25364 4067
1446.46 15909 15908
5.78584 20571 40440
18.08075 58418 38
1.2288 29861 52917
146.25735644 40563 3
0.6 37490 18067
3.1057345 3807 44270
94.1769635616 29861 52917
2892.92 47666 400
0.6 34612 34979
7.2323 1845 17275
3000.0 38678 645
1812.92063377 40017 38
48.2016 39928 37190
52.0 8978 7014
1.2E-4 6776 3286
1.1 3807 44270
0.3 12377 34979
507.851177463 29975 17
0.072323 1845 10920
1.2288 29861 52917
0.6 22098 11895
0.72323 25364 4067
1.1 52376 44270
261.0 61056 110
24.5926029195 14479 29871
566.4 50323 24
0.3072 29861 52917
0.6144 29861 52917
14970.8609928 19937 12196
1.44646 20571 40440
17.6 52376 44270
3.9812 4325 11662
2.4 46831 36594
550.0 289 15764
0.6144 11895 22098
1800.0 36655 29135
31047.6491473 33798 38
0.3 33027 20219
0.3 37490 18067
0.6144 3807 52917
0.55 3807 44270
0.6 22098 11895
0.15 36594 46831
35.2 3807 44270
0.361615 1845 18709
75.0 33614 40263
0.72323 25364 4067
0.6144 3807 52917
1.2288 12844 22098
1.2288 33027 37490
2.4576 11895 22098
1.1 3807 44270
