0.72323 20571 4865
0.3552 39928 25800
1.05 42049 14553
11.0 38085 28183
0.01875 10308 18067
1.990473606 16160 400
0.6 11895 22098
723.23 40269 22098
2.2 52376 44270
33.99181 1845 55870
1.44646 4865 40440
0.6 46831 36594
752.25 38406 14553
2.4576 3807 52917
1.2 22098 11895
0.72323 25364 4067
0.072323 70 53332
364.089 62802 14553
659.489299993 29322 163
0.361615 25364 4067
5785.84 19748 38
578.584 14028 3
1277.22418 8886 38
4.4 52376 44270
192.0 11472 42
150.0 33614 3001
0.72323 25364 4067
5.78584 65475 3
0.0288 39928 7939
684.6 39657 29135
28.8 2021 2022
0.72323 4865 20571
1.2 33027 20219
0.72323 21171 3
27.5328 39928 43240
9.865 15857 24884
7.2323 1845 17275
1.2 22098 11895
143.9300023 1845 41047
511.529999998 9007 14553
760.686472244 52492 3
0.55 3807 44270
300.0 66591 29135
77.25 49935 42
1.2 22098 11895
28929.2 30259 3
0.72323 40440 20571
0.15 12844 11895
7.76 400 451
0.6 11895 22098
0.6 22098 11895
0.3 36594 46831
0.121 15031 28183
4.4 52376 44270
8.8 52376 44270
19.6608 12844 22098
0.15 4756 1116
44.85 56033 5685
2.89292 40440 4865
1.2288 3807 52917
72.323 1007 3
274.8274 6155 38
105.013126181 52492 3
4.4 3807 44270
240.980236 20375 3
108.419999998 1168 6744
1.8 31114 14553
0.475 53832 40
723.23 38809 3
30.0 20949 645
36161.5 8706 1464
0.72323 33506 38
0.3072 11895 22098
0.6144 12844 22098
0.6 46831 36594
0.3 12377 34979
7.5 33657 8921
4339.38 19748 38
2.2 3807 44270
0.72323 25364 4067
1.44646 4865 20571
0.6 34612 34979
8.64E-10 24128 6983
0.3 36594 46831
0.0717356 7079 21452
1.44646 40440 20571
0.00765 35321 13958
300.9 46420 14553
2.531305 6393 3
551.5008 10240 68
0.6144 20219 37490
361.615 40336 38
361.615 10280 38
1.44646 37490 24664
752.25 50618 14553
52800.0 44599 7
0.0192 33027 37490
72.323 70 47169
4.8 38308 11895
5.78584 20571 4865
0.3 11895 22098
0.3072 3807 52917
1.44646 4865 20571
6303.855 62492 14553
0.3 37490 20219
96.0 34808 65853
0.15 8388 21527
0.3 10308 18067
0.72323 37490 24664
9.6E-4 24384 9187
4.93986 10327 13565
1.536 12802 23456
44.0 18851 37985
5.78584 16033 38
7.2323 20219 101
1.1 27222 11
4.8 12844 11895
0.3 36594 46831
1337.9755 289 20219
313.09277607 40563 3
1808.075 8915 3
110.0 2832 107
150.15 20086 24748
0.0768 20219 37490
7.76 2576 26001
231.391499998 29751 14553
0.72323 38377 3
2.4576 3807 52917
889.5729 8886 38
203.22763 4337 3
0.72323 25364 4067
723.23 1010 38
2892.92 810 3
0.009 25045 19840
1.1 52376 44270
4.9152 11895 22098
6.5090627677 43706 3
4.4 52376 44270
72.323 17084 3
0.275 3807 44270
0.3072 12844 22098
538.9344 1986 68
3.456983189 52376 44270
0.3 38308 11895
0.6 22098 11895
1.5161416 7079 14067
6983.36422677 50640 3
0.72323 40440 4865
0.6 22098 11895
0.01973 57024 163
2.4576 12844 22098
0.00765 35321 25973
36.1615 17084 3
0.1536 33027 37490
2.4576 3807 52917
188.256769 22200 3
0.01875 10308 18067
1.05 42275 14553
9.60096 3807 52917
1.1 52376 44270
9.6 66465 3972
0.0375 37490 18067
0.0225 32298 16742
600.0 4298 29135
2.4 33027 20219
2.448 12802 11249
0.6 22098 11895
4.4 52376 44270
0.3 33027 20219
2169.69 410 3011
2.4576 3807 52917
185.337364317 410 4945
0.0375 37490 18067
4.9152 29861 52917
1423.895224 1845 10240
0.1536 10308 37490
6689.8775 14839 3
7.2323 17249 38
23.04 194 4294
0.6 46831 36594
15.1064999985 5265 43890
0.96 15896 5218
1084.845 5826 3
2792.214 40269 24884
0.3072 10308 37490
111.5654598 1845 29239
2.4576 3807 52917
1.973 27883 632
2.4576 11895 22098
0.1536 33027 37490
4.4 52376 44270
16.5 39495 107
8.8 3807 44270
0.0584 26013 21598
0.036 59221 19840
1.104 39928 635
18518.30415 29730 3
0.00765 35321 65021
2982.0975 40269 24884
1.05 2608 12565
353.133 3603 98
72.323 1845 38557
905.623666339 52492 3
0.55 52376 44270
1202.4 18541 6744
9.9 57389 5685
0.72323 25364 4067
4.4 3807 44270
5062.61 19748 38
0.15 36594 46831
0.72323 25364 4067
4.4 52376 44270
50.6261 1845 60582
22.5625999926 17047 7304
723.23 410 3011
1050.09 3325 18658
2169.69 31094 38
2.2 52376 44270
31.8293523 1845 31575
1.23645312 1512 7840
3616.15 5727 38
0.6144 10308 37490
0.72323 37490 24664
1.1 3807 44270
627.474348 4421 38
22000.0 495 65407
6720.0 6391 68
0.3 38308 11895
2.89292 40440 20571
0.6144 3807 52917
2091.27707795 1845 30259
1.2 46831 36594
0.3 36594 46831
0.72323 25364 4067
361.615 810 3
1500.0 33614 19987
3.61615 289 16125
15.0899999985 5265 43890
2.89292 4865 20571
0.0654798 16221 53
1.44646 4865 40440
0.6 36594 46831
1.1 52376 44270
72.323 61950 38
1.4128153404 70 7217
2.4 33027 20219
1920.0 3944 816
0.72323 25364 4067
0.72323 25364 4067
1.44646 25364 4067
1.1 3807 44270
8.8 52376 44270
150.0 33614 18547
3759.45 38678 29135
2301.534829 39158 3
15.0 33614 5214
2.2 28062 29324
0.6144 12844 22098
63.51 42966 98
4.4 52376 44270
18.711 28062 15356
150.0 33614 4882
37.535637 10215 38
88.934999989 20219 101
0.72323 20571 4865
9.0 11293 14553
2.2 3807 44270
96.0 66465 3972
0.096 39928 64104
0.361615 4865 20571
0.0384 33027 37490
0.3 33027 20219
867.875992768 895 38
0.96 15896 5218
289.292 15764 70
1.44646 51191 70
1501.5 14295 24748
72.323 23169 101
1.2288 29861 52917
0.00765 35321 41773
0.361615 25364 4067
135.395779816 64515 38
1442.84385 56387 38
2.2 52376 44270
1.44646 13064 53
0.96 15896 5218
0.15 43978 46831
0.72323 25364 4067
301.5 53719 14553
7.8 377 14553
1.2288 3807 52917
0.72323 37490 24664
1.2 38308 11895
1078.914514 8424 3
0.3072 10308 37490
0.6 11895 22098
0.1536 10308 37490
188.0398 10540 38
0.275 3807 44270
2000.89876395 52492 3
0.45 8673 14553
960.0 50595 68
5.06261E-5 7114 15570
10.16246496 21489 15071
0.0192 33027 37490
1.2288 33027 37490
0.361615 40440 4865
0.6144 3807 52917
0.6144 39928 31699
5.0 271 876
6.912 194 35727
0.72323 40440 20571
62.1 40186 5685
9.6 66465 3972
0.6144 11895 22098
1.2288 11895 22098
0.72323 20571 40440
480.0 26410 1516
0.55 52376 44270
19.6623527578 7217 70
0.72323 20571 4865
0.0768 33027 37490
360.0 971 29135
0.0072323 1845 55847
1.9304999985 56932 225
8855.487 9690 14553
0.0096 39928 29326
72.323 3375 38
0.0768 33027 37490
1024.86580035 52492 3
182.97719 35034 400
2.4 12844 11895
5769.11529902 4945 38
0.72323 4865 20571
1.44646 40440 20571
0.72323 25364 4067
7.8989999985 14104 5685
723.23 38809 3
0.72323 25364 4067
150.0 33614 26970
1.44646 40440 4865
2.89292 40440 4865
220.1085 48293 14553
1.1 52376 44270
1459.47814 51672 3
1.2 36594 46831
1.1 52376 44270
1.1618 9302 31703
9018.0 4353 14553
0.72323 24664 37490
0.077 1843 3
0.72323 20571 4865
0.0096 39928 50169
233.223160312 1783 40
19.6608 3807 52917
0.1375 52376 44270
1.1 52376 44270
361.615 1986 38
636.7244597 2214 3
4.4 52376 44270
1.44646 4865 20571
238.007 289 20219
42.54328152 5536 70
2.48 63981 3
0.0375 10308 18067
1211.16 4865 24884
2.4576 29861 52917
0.0763441588 8706 6625
0.0096 39928 21850
2.2 52376 44270
21696.9 5309 38
108.763883749 2355 3
0.15 37490 18067
1.2 38308 11895
1446.46 58532 3
110.0 4207 4206
15.0135 41121 8207
0.3 36594 46831
0.15 36594 46831
2.4576 11895 22098
315.945 31123 14553
8092.8 1095 816
2.2 3807 44270
3450.0 33614 9395
0.3 46831 36594
0.124 8345 1794
9.9 35678 5685
0.74 4754 13387
47.588534 17418 38
4246.300299 6742 3
1350.0 64016 44550
0.3 38308 11895
2.4576 12844 22098
0.4291967808 3807 52917
0.3 46831 36594
20.0 3325 24114
4.9152 3807 52917
5.5 21336 64306
0.72323 2330 101
752.531330764 52492 3
72.323 38809 3
7.7 857 44935
8.9652 7590 15356
1580.546842 40017 38
0.2592 39928 65888
0.6 36594 43978
3150.1610428 52492 3
0.72323 25364 4067
723.23 6124 38
1084.845 410 3011
5.78584 20571 4865
0.72323 25364 4067
2.2 52376 44270
15.0 16641 29135
300.0 29135 5093
6.5090627677 1845 56806
9.8304 3807 52917
0.15 33027 20219
0.3 36594 46831
358.752 35306 194
0.261 42966 45994
39.3216 3807 52917
0.15 43978 46831
0.3 11895 22098
367.5 13852 5685
2.89292 65877 38
437.481827 2464 3
0.361615 40440 4865
0.3 36594 46831
0.72323 12377 34612
1.089 289 39193
0.006002809 70 9917
0.72323 25364 4067
900.0 60978 29135
216.969 6002 38
1.2288 18067 37490
75.27022424 1512 19183
690.0 36997 29135
1.44646 40440 4865
4339.38 42380 3
723.23 1845 2741
753.0 7973 645
3006.0 27770 10514
1815.3073 51672 3
4339.38 58532 3
2.2 52376 44270
0.361615 25364 4067
105.315 63311 14553
0.0375 10308 18067
0.3 22098 11895
0.3 46831 36594
4.4 52376 44270
9.865 5674 10801
137.4137 15295 3
2.4576 29861 52917
0.55 3807 44270
2.4576 3807 52917
1.2288 29861 52917
35.2 52376 44270
1.2288 29861 52917
1.8 16684 25572
0.072323 58176 3
0.6 33027 20219
19.5 59598 5685
9.8304 3807 52917
7.2323 1845 17275
4339.38 11272 7399
16.130599089 52376 44270
1.1 3807 44270
0.96 15896 5218
10.427235 11160 7992
7.2395323 1845 51366
1.2288 12844 22098
1.1 52376 44270
9.6 12844 11895
1591.106 10687 38
0.72323 20571 4865
399.2 3325 18658
4.6046 11026 393
0.96 15896 5218
0.072323 17247 46860
0.72323 4865 40440
0.72323 37027 495
0.72323 25364 4067
3608.928 39309 10943
8.7681150665 1845 51710
0.361615 25364 4067
1.44646 4865 40440
0.76947 26013 13700
10157.04212 54023 3
263.25572 39787 3
3993.24211477 477 3
3869.28049277 39657 38
0.3 37490 20219
723.23 38406 38
50.6261 810 3
0.072323 61144 3
569.604 39657 14553
723.23 810 38
