1.1 3807 44270
31.5 29797 5685
150.0 36958 29135
0.6 11895 22098
0.3 22098 11895
21.940030189 3807 44270
14.319954 10501 3
374.4 5537 68
15.0 15857 20219
0.15 36594 46831
1146.31955 14028 38
1.1 3807 44270
4226.4 1931 42
0.6 46831 36594
0.72323 25364 4067
2.89292 20571 4865
2250.0 32792 29135
0.72323 25364 4067
243.316572657 1783 38
0.96 15896 5218
797.064244622 29975 17
2.89292 4865 20571
0.3072 3807 52917
11.0 31375 20306
0.1375 3807 44270
183.845066 11204 434
2112.0 16526 68
4714.73637 8706 25183
2.4576 3807 52917
0.0384 33027 37490
1.2 43978 36594
0.15 43978 36594
0.336 39928 54987
0.72323 4865 20571
1.2288 12844 22098
148.5 32106 38
1.44646 40440 4865
527.76 36687 42
0.00765 35321 18753
1.2288 3807 52917
1.2 36594 46831
23.14336 57624 101
4.9152 3807 52917
0.0375 10308 18067
382.30444061 59709 7
100.801499998 38649 10514
2169.69 19748 38
29.8944 39928 36488
7.5 33614 53841
4.35 5195 110
0.0439604 3807 44270
97.3349999985 53209 42
0.0384 33027 37490
1.44646 25364 4067
0.3 12377 34979
0.72323 24664 37490
0.361615 40440 4865
0.010669 289 37548
2.949752 218 6627
0.00765 35321 2467
723.23 5189 3
2.27E-4 428 4253
1184.3136 24113 7
0.6 46831 36594
1.44646 4865 40440
1.44646 25364 4067
0.005058099936 22236 13213
0.144646 4888 70
43.3938 955 3
4.4 3807 44270
17.6 52376 44270
381.14221 30897 38
0.15 36594 46831
0.15 22098 11895
373.7 28532 47
2.4235 24 17899
3460.35 22073 14553
4.8 12844 11895
108484.5 38 12805
1.44646 20571 40440
2.386659 14983 38
650.907 19748 38
7.2323 1845 17275
4.9152 3807 52917
0.3 36594 46831
0.6144 18067 37490
0.15 955 42
36.1615 6075 38
0.6 36594 46831
5.78584 40440 20571
35.2 52376 44270
2349.0 4980 98
940.199 46860 17247
10.3028814495 23867 38
1540.47989277 410 15764
2.4 12844 11895
0.6 46831 36594
7955.53 5727 38
6018.0 4865 14553
2852.85 8662 17706
0.361615 25364 4067
30.0225 41121 8207
576.0 24407 7
0.72323 18353 38
1.44646 4865 40440
3787.3344 40004 7
2.262 23193 12262
1222.2587 20375 3
0.3 22098 11895
0.6 33027 20219
0.6144 3807 52917
0.6 46831 36594
4.4 3807 44270
2.4 38308 11895
0.2046561 52376 44270
1.2 12844 11895
2085.07209 20580 3
0.15 46831 36594
8437.20118 20945 3
3.923667396 19490 3
0.00765 35321 34378
0.3 43978 46831
9.6 11658 14553
0.0096 39928 31112
2.2 52376 44270
2.4 46831 36594
0.02152 2039 17
15.009 30578 25045
450.45 33463 24748
0.361615 20571 4865
7.2E-5 11172 19
433.938 27033 38
664.988999999 3701 10514
2.4576 11895 22098
1446.46 22671 3
1306.392 1317 98
723.23 40199 3
442.622039579 1783 38
0.55 52376 44270
0.048 4440 28463
5262.73947902 52492 3
0.0016071264 3807 52917
1.1 52376 44270
7.95 26397 14553
216.969 810 3
0.6 36594 46831
1012.52199277 4945 38
0.075 10308 18067
0.361615 25364 4067
0.72323 25364 4067
0.96 15896 5218
1.1616 12802 11249
0.5952 39928 47564
0.361615 25364 4067
0.6144 33027 37490
0.72323 25364 4067
9.8304 3807 52917
7.76 26001 495
0.72323 25364 4067
672.0 17827 68
361.615 18709 38
1.7288359 52376 44270
0.72323 25364 4067
14464.6 8706 4865
1.952721 48527 38
0.55 52376 44270
0.72323 25364 4067
1.44646 20571 4865
9312.0 27459 26
0.1973 60691 632
1.2288 18067 37490
0.0192 33027 37490
1871.85 9540 42
1188.62849777 36134 3
9.8304 3807 52917
0.72323 24664 37490
7232.3 381 38
0.001973 28958 40017
0.2632256985 12377 34979
0.3072 3807 52917
0.72323 25364 4067
0.6 46831 36594
14392.2769928 8706 4865
12.95087961 27184 70
2.4576 29861 52917
576.0 50712 816
2.4576 10308 37490
1050.0 17450 645
31.621271 14295 632
0.55 3807 44270
0.3 46831 36594
0.0576 39928 13850
0.6 36594 46831
1.2288 11895 22098
0.011 3566 11452
275.0 29198 11
0.925 10393 40
25.92 15155 13169
723.23 23020 38
0.96 15896 5218
2.4 36594 46831
0.361615 17247 46860
0.3 46831 36594
0.3 11895 22098
56.9384999985 225 24687
0.72323 25364 4067
1.2 46831 36594
0.72323 25364 4067
6.219778 10363 38
4800.0 15673 24
0.361615 25364 4067
0.0375 10308 18067
0.72323 40440 20571
0.3 37490 18067
0.0384 33027 37490
1201.2 4865 24748
0.15 33027 20219
6050.325211 15195 3
75.0375 29135 64503
4.9152 12844 22098
1.05 62732 14553
289.292 15356 3
900.0 8 29135
0.72323 16316 3
4.9152 3807 52917
0.72323 4865 20571
2.89292 40440 4865
723.23 4980 38
0.8678687677 3929 38
9.8304 11895 22098
3175.1904 49110 816
3.8009957985 13739 13840
0.361615 25364 4067
474.519 19766 14553
2250.0 12114 42
0.004847 18406 45908
0.6144 10308 37490
0.55 52376 44270
3000.0 14553 33463
105.3 59755 29135
9.551061024 20219 37490
22.42013 9488 38
144.646 810 101
5.78584 4865 20571
2958.0 9511 9733
4.4 52376 44270
19.6608 3807 52917
1.44646 20571 4865
2.4576 3807 52917
123.0 22009 14553
0.15 36594 43978
0.0074 9302 21775
0.3 36594 46831
743.039 5517 141
2.2 3807 44270
3071.45258727 52492 3
122.1 48829 4206
5.5 27222 11
9467.9424 1986 68
3283.49000485 52492 3
2.4576 29861 52917
0.3072 20219 37490
0.361615 25364 4067
62.4 816 12802
0.96 15896 5218
0.3 36594 46831
897.52843 15764 3
0.00765 35321 65815
0.6 11895 22098
0.72323 25364 4067
0.00765 35321 11205
0.6144 3807 52917
7232.3 8706 26970
9.6E-4 49978 49167
11.001099989 3807 44270
0.6144 18067 37490
0.15 43978 46831
0.324304554 876 271
483.5136 10902 7
3.7 4754 47
5.78584 4865 40440
9.8304 3807 52917
0.0192 39928 65888
0.72323 31430 47837
2.5 271 876
0.0375 10308 18067
433.938 19748 38
0.0192 33027 37490
2.4576 20219 37490
373.7 28532 47
960.0 33796 29916
0.275 52376 44270
0.3 46831 36594
4500.0 15857 4865
1100.0 46146 107
96.0 3175 13603
633.911095 1845 9690
1500.0 64016 44550
347.1504 21334 3
0.72323 4865 20571
0.72323 62782 16456
0.33 15468 3242
0.00136063799773 21598 19301
25.35 22075 5685
3036.765 4865 24884
1500.0 22323 35441
8.8 52376 44270
526.315499998 39898 29135
0.01875 10308 18067
0.3 43978 36594
4.773999989 31546 11
0.6 36594 46831
4.8 46831 36594
2.22 53868 26512
0.00765 35321 56423
1500.0 64016 44550
0.0384 33027 37490
0.6 46831 36594
2892.92 54878 38
300.0 33614 4353
5055.01607777 5727 3
426.7057 19745 38
1.5 29135 60111
150.0 5346 645
0.6 46831 36594
0.4339307677 17247 46860
2.4576 3807 52917
3.254535 25061 38
150.0 33614 40263
34800.0 56951 2618
0.72323 20571 4865
0.3264 39928 42432
0.3 43978 36594
2.2848 12802 42550
5.78584 40440 4865
2.4 12844 11895
15.0 63163 5265
2.4576 3807 52917
5.78584 40440 20571
195.683999999 5961 10514
0.00765 35321 30857
1.2288 10308 37490
0.01875 10308 18067
0.075 10308 18067
1900.8 816 3557
0.3 10308 18067
0.00433938 52047 3
30.0 48843 5265
0.3 36594 46831
2.4 46831 36594
1.2 5685 33689
958.9632 34808 61961
2892.92 37084 38
0.72323 20571 4865
723.23 856 3
2.4576 3807 52917
75.0 33614 3721
0.3072 11895 22098
2668.7187 30499 3
0.72323 40440 4865
0.361615 20571 40440
650.907 2609 38
2.89292 20571 40440
0.3 33027 20219
0.0375 10308 18067
4.9152 3807 52917
747.15 7600 42
723.23 1845 15764
723.23 955 3
10080.0 6391 68
515.301375 20375 3
0.0375 10308 18067
1.6992 39928 44346
0.3 10308 18067
0.72323 37490 24664
2.4576 12844 22098
39.3216 3807 52917
19.8 810 101
0.72323 24664 37490
0.2032855 52376 44270
0.275 52376 44270
4.9152 29861 52917
0.0576 39928 31699
4.4 52376 44270
36.3 53147 326
1213.5 64016 44550
1200.0 64016 44550
0.0011 20014 3566
1.2288 3807 52917
72.323 15718 38
0.3 22098 11895
0.011 20014 3566
4.4 3807 44270
9.6 12844 11895
0.0375 10308 18067
11.57168 40440 4865
289.292 1845 10289
1500.0 42 2369
0.0375 10308 18067
21.6969 52082 38
0.96 15896 5218
4513.5 26970 14553
144.646 6544 3
1446.46 32247 38
0.15 43978 36594
2.89292 4865 20571
0.0768 33027 37490
0.2029961964 1845 21778
300.0 29135 64503
5207.256 1942 38
450.0 12069 29135
1.4496 39928 66259
2864.5152 4440 6457
717.010222 23124 3
723.23 14028 3
0.3072 10308 37490
0.00765 35321 893
0.3 36594 46831
1.2 43978 46831
1.726E-6 48829 4206
2.4576 12844 22098
9.8304 3807 52917
1.2 33027 20219
70.4 3807 44270
775.237505462 52492 3
9.30537 18079 1593
21696.9 12805 1845
40.34755524 52960 70
0.3072 18067 37490
11.57168 4865 40440
0.72323 4865 20571
0.55 52376 44270
2.2 52376 44270
0.00765 35321 42884
1.1 52376 44270
0.3 22098 11895
14553.6 1264 26
723.23 25061 38
0.072323 11432 3
3261.76729277 7658 38
0.0375 10308 18067
30000.0 14553 5
2892.92 37787 3
0.3072 33027 37490
4.8 36594 46831
1.8261742559 20219 37490
1.1375 10393 40
0.361615 25364 4067
10.5 54365 42
0.72323 25364 4067
2715.78938686 52492 3
101.76 35849 68
7.8 35169 29135
672.0 14376 24
0.0375 10308 18067
4700.995 2536 38
164.072999998 30374 10514
0.011 8748 101
0.5952 39928 8993
0.72323 4865 40440
450.0 38678 645
0.0435 35671 110
0.336 39928 7
66.1632 34808 49589
8678.76 1464 3
72.323 38871 38
0.15 12844 11895
211.5 21081 14553
2.4576 3807 52917
723.23 45405 38
1.4208 39928 31053
1500.0 64016 44550
9.6 38573 24145
0.00765 35321 66916
0.361615 25364 4067
0.6 22098 11895
1.2288 3807 52917
0.72323 25364 4067
0.3072 33027 37490
1.2288 3807 52917
9.6 66465 3972
72.323 6265 38
0.15 36594 46831
0.55 52376 44270
0.6 46831 36594
1.2288 29861 52917
0.0288 39928 60655
0.6 36594 43978
2.2 26371 36
723.23 25183 3
10.95 28522 42
1.2 37490 20219
161.260499998 53066 24748
30.0 32566 20503
56.6763022619 17084 38
4954.95 2584 14553
300.0 33614 4353
114.625973888 52492 3
1.1 3807 44270
