1.8 52281 29135
0.361615 25364 4067
723.23 5004 3
0.72323 25364 4067
75.0 33614 40263
1.44646 20571 4865
4.8 33027 20219
15506.0512 7514 3
0.0672 39928 48224
0.0768 33027 37490
0.72323 25364 4067
0.0384 33027 37490
36.5287237485 33027 20219
4.847 24 43458
0.72323 25364 4067
2331.331905 26970 38
0.275 52376 44270
0.2304 194 54740
0.009 25045 19840
1.2 38308 11895
110.0 10928 44270
1.44646 4865 20571
0.075 37490 18067
1.0 271 876
7.015331 65877 38
0.6144 20219 37490
1446.46 19748 3
16.5792 39928 62788
802.634999998 33798 5727
0.6 46831 36594
18.442365 3225 3
186.73854 15918 98
1.2288 20219 37490
0.72323 1845 45511
1425.703299 18749 38
0.3 46831 36594
723.23 20216 38
4.9152 3807 52917
5.78584 40440 4865
2.89292 40440 20571
0.0375 10308 18067
2314.336 23169 38
1.1137742 5046 38
2.2 3807 44270
0.72323 4865 20571
4800.8544 1095 68
0.72323 25364 4067
154.04799 25061 38
0.00765 35321 16319
0.15 22098 11895
4.652685 3122 22872
0.00765 35321 20774
8.8 3807 44270
0.124 29008 2305
9.6 66465 3972
17.6 52376 44270
723.23 14028 3
0.72323 25364 4067
555.1605 56526 14553
0.72323 25364 4067
0.3 12377 34979
0.3072 3807 52917
1.44646 20571 40440
242.0 45837 38
14.9184 14605 4754
23.7117190485 33027 20219
23.264999989 289 810
1.1 3807 44270
72.323 7289 3
2169.69 14190 3
10.0 271 876
1501.5 4865 24748
0.075 10308 18067
8.8 52376 44270
11.57168 20571 40440
0.6144 11895 22098
582.210882733 52492 3
9.6 66465 3972
2589.1634 8662 38
0.387806 289 48758
723.23 14028 3
7.2323 11484 11306
1.2288 29861 52917
10848.45 14021 38
15.0 33614 5214
723.23 410 5727
3009.0 25183 14553
0.00765 35321 53565
7500.0 15195 29135
0.86565 9511 11032
35.2 52376 44270
38.8 2576 26001
1446.46 19748 3
0.72323 12834 3
0.0433696942926 21598 25925
125.446608462 1783 38
1.4112 39928 33346
1.1 52376 44270
17.6 3807 44270
2557.65 2275 14553
4513.5 6067 14553
300.9 51100 14553
15.0 17403 8557
0.3 34612 34979
4.5 29135 10258
0.72323 25364 4067
0.3 11895 22098
165.61967 8706 18495
2675.951 58663 38
0.72323 20571 40440
4964.85 15195 14553
21.7215 48250 42
0.15 43978 36594
0.6 22098 11895
192.0 16392 50478
7.05 55453 14553
6174.8928 2337 68
180.8075 8886 38
0.0096 39928 59359
0.072323 25364 4067
1.2 38308 11895
1.374137 31576 3
3.6089104677 21598 2431
0.6 36594 46831
0.00765 35321 10588
1.2 33027 20219
495.0 64016 44550
1.2 36594 46831
15231.657738 14839 3
0.15 12377 34979
1205.986025 20375 38
0.72323 4865 20571
105.315 7351 14553
0.72323 25364 4067
0.72323 20571 40440
0.15 22098 11895
0.00765 35321 66496
0.011 50591 38
268.390653 25438 41673
19.6608 3807 52917
0.1375 52376 44270
922.118242768 21980 38
0.55 3807 44270
4.9152 11895 22098
0.45 10393 40
35.2 3807 44270
0.01875 10308 18067
0.072323 8706 14922
67.9207114485 33657 8921
93.587999989 289 20219
0.3 22098 11895
0.33 15468 3242
0.3 46831 36594
1446.46 37490 33463
1816.39213777 22098 38
1.0685 10393 40
150.0 33614 60423
0.72323 25364 4067
2.4 46831 36594
13.8370388644 2355 3
3.7777435264 450 996
0.72323 25364 4067
0.72323 20571 40440
2.4235 24 30236
199.855035 40269 24884
0.3 34612 34979
1200.0 23343 42
2.4576 3807 52917
296.5243 16133 38
384.0 29847 68
752.25 38406 14553
1240.0 7164 18262
30.0 8854 42
4.8 24 16068
45.3 44116 14553
0.00435 66580 56640
2.2 19039 11
2.2 52376 44270
0.0192 33027 37490
0.08024808 1512 36406
2169.69 14028 38
723.23 35738 3
2.2 52376 44270
0.72323 25364 4067
0.6 34612 34979
0.00765 35321 24951
0.72323 40440 20571
0.74926628 8264 38
0.275 3807 44270
1.2288 3807 52917
60.018 35923 17464
1.05 31114 14553
0.075 10308 18067
0.96 15896 5218
0.6144 3807 52917
0.6144 3807 52917
23.14336 12377 34612
0.0327550867 70 7217
0.361615 25364 4067
7232.3 656 38
0.361615 25364 4067
0.3 46831 36594
17.6 52376 44270
0.3072 10308 37490
2.16969E-5 2355 40
2.2 3807 44270
1.1 52376 44270
0.15 43978 46831
2892.92 19748 101
150.0 33614 23088
506.261 36646 38
34.71504 44307 38
4.9152 3807 52917
4630.0224 27742 24
968.1465 36538 14553
11571.68 8706 4865
0.6 38308 11895
8.8 52376 44270
0.3072 20219 37490
0.6144 12844 22098
0.3744 12802 29533
1501.5 38678 24748
0.0768 33027 37490
6.8064 194 10940
0.72323 25364 4067
2.531305 1845 4771
0.6144 3807 52917
0.03946 28958 57467
0.361615 25364 4067
0.6 36594 46831
4.847 52033 198
0.0096 39928 47246
1.499082411 20975 5
24.96 14829 24
4.9152 33027 37490
2.89292 20571 40440
2187.14636384 52492 3
30.0149999985 29135 67036
3254.4 27458 26
806.4 25372 26
14464.6 24269 11100
1.1 27222 11
0.00765 35321 52538
300.0 29135 64503
723.23 24884 38
14.8 5433 3929
7.2323 20375 3
3616.15 410 1931
694.734738 856 70
0.0192 39928 13850
0.5 14322 40
7500.0 42 35441
7.0514925 1845 51710
378.7392 57591 68
118.4867709 33078 3
4.8 36594 46831
0.361615 25364 4067
2.4 38308 11895
2.89292 40440 20571
1.1 52376 44270
1.5 13635 14553
3412.19914 45732 38
0.5 271 876
14.5056 39928 19106
570.0 48357 29135
9.6 33027 20219
5.5 20687 101
824.877 18684 10514
11.57168 20571 4865
0.72323 37490 24664
9.6 38308 11895
0.3 34612 34979
3009.0 4865 14553
2.27E-4 53 1788
96.0 816 12802
0.916 10393 40
733.195241524 1845 18472
2.2 52376 44270
4.4 3807 44270
0.15 36594 46831
0.361615 25364 4067
2169.69 8662 38
0.6 46831 36594
7.2323 7760 38
4.5 9519 38378
2.4 29285 14553
1.2288 3807 52917
6770.87926 29384 38
0.0768 33027 37490
9.6 66465 3972
0.72323 25364 4067
1319.88560837 52492 3
2488.2 28193 110
0.1554 31703 9302
0.00765 35321 23570
0.6 46831 36594
0.6144 11895 22098
1.2 46831 36594
0.72323 40440 20571
0.011 34729 18575
0.3 46831 36594
361.615 810 3
0.72323 25364 4067
0.00765 35321 32372
7.5 33614 61837
723.23 14714 3
0.3 36594 46831
2.4576 3807 52917
150.0 64016 44550
0.72323 25364 4067
2.89292 40440 20571
0.04536 37490 20219
1.2 38308 11895
7067.625 11406 6744
0.3 36594 46831
26.0362727677 25857 38
0.361615 4865 20571
1.084845 31471 38
0.3 22098 11895
1.1 1660 19227
9.6 33027 20219
17.6 3807 44270
1.44646 25364 4067
0.6144 33027 37490
494.039562936 52492 3
117.1392 4502 10943
661.3142797 9783 70
0.6 34612 34979
2169.69 46358 38
0.3 36594 46831
4.8 38308 11895
22.50836406 29859 2186
7232.3 37787 3
0.3072 12844 22098
0.6 36594 46831
0.3 43978 46831
1.44646 25364 4067
0.96 15896 5218
7.76 10492 911
0.6144 3807 52917
0.275 3807 44270
1.44646 25364 4067
0.00765 35321 62866
1.2288 3807 52917
3616.15 5727 38
41.381999989 53147 4587
72.323 23342 3
4.9152 33027 37490
14.5988407485 33027 20219
1.2 22098 11895
750.0 33614 22820
0.72323 4865 20571
0.00765 35321 24349
3300.0 33798 25183
1.2288 3807 52917
0.6 33027 20219
3.4158959773E-4 45678 14081
0.3 22098 11895
8.8 52376 44270
0.6 36594 46831
0.72323 63706 303
1.5 11370 24209
1.44646 40440 4865
2.4576 12844 22098
6675.4129 12877 38
29.8560801 52376 44270
0.0288 39928 59363
1504.3184 15759 38
396.474686 664 3
43.3938 52082 38
0.3 43978 46831
0.96 15896 5218
1.152 194 31749
114.342663 62004 3
3.88E-5 201 39106
1.5 271 876
8.5632 34808 22538
3.2256 39928 33346
361.615 856 400
0.96 15896 5218
19.889813 23580 632
735.395068518 52492 3
0.1248 39928 32260
300.0 218 14537
0.6144 29861 52917
0.15 38308 11895
0.3 36594 46831
1203.6 2890 10514
234.9 57454 137
1084.845 15764 3
0.6144 3807 52917
0.2016 39928 41020
2589.6045 40269 24884
0.275 52376 44270
0.00765 35321 30604
168.18 1862 126
0.72323 25364 4067
0.72323 25364 4067
0.3 46831 36594
108.4845 410 28426
5785.84 15195 3
0.72323 25364 4067
0.3072 12844 22098
0.361615 40440 4865
0.3 11895 22098
663.708171 9723 38
4.9152 3807 52917
0.047660857 351 350
15.3 37568 5685
672.6039 5630 38
1.7433849188 22262 3967
0.3 46831 36594
0.72323 20571 40440
0.072323 8498 3
13699.2 27458 816
27.976 558 17
19.4 2576 26001
0.075 10308 18067
0.72323 25364 4067
0.5664 39928 48365
1.1 52376 44270
0.6144 3807 52917
0.72323 40440 20571
0.15 36594 46831
11.57168 20571 40440
300.6 49074 10514
1053.675 26058 10514
0.15 22098 11895
1304.11442829 14714 3
0.5 12685 3185
0.6 11895 22098
4.9152 3807 52917
1.229491 39557 38
0.3 46831 36594
150.0 33614 26970
226.056710404 410 7581
160.5 42476 29135
0.15 38308 11895
0.0384 39928 29854
2.2 52376 44270
0.071961385 23193 10327
0.3072 33027 37490
6.5163023 1845 53786
2892.92 810 3
5.78584 4865 40440
0.275 52376 44270
361.615 1783 40
16.7100338779 23525 3
1351.35 4865 24748
0.3 46831 36594
5.5 27222 11
67.9908523 1845 25517
4.9152 3807 52917
2.2 3807 44270
0.185 31703 9302
1.2288 29861 52917
17.212874 28435 38
1.1 52376 44270
2169.69 38809 3
5.78584 20571 4865
15.0 2369 999
0.72323 25364 4067
0.72323 25364 4067
0.72323 25364 4067
2.2 3807 44270
72.323 4531 38
3063.25988069 1512 29975
0.3 46831 36594
0.3072 11895 22098
7500.0 20052 14553
75.0 33614 66595
7726.3488 22671 68
1453.6850677 440 38
864.0 9335 68
0.0072323 1845 47935
0.6 36594 46831
872.287695768 29359 3
4.4 52376 44270
1914.0 4980 98
30.0 33614 25181
2.4576 29861 52917
1.1 52376 44270
480.0 26410 1516
0.3072 3807 52917
0.15 36594 46831
4.9152 12844 22098
0.6 33027 20219
917.643618758 40563 3
4339.38 19748 38
361.542677 1845 5727
0.6144 3807 52917
0.3072 11895 22098
0.5683633152 12844 22098
108.75 35234 110
0.72323 410 11126
4.9152 11895 22098
279.8610808 5536 70
198.654183843 52492 3
1.2288 33027 37490
