361.615 410 810
856.593604768 12849 3
4.4 52376 44270
289.292 18658 70
15.3792834456 8706 29975
9.8304 3807 52917
0.275 52376 44270
0.6144 20219 37490
0.3072 10308 37490
0.72323 25364 4067
150.15 2536 24748
5.78584 40440 20571
2.2 52376 44270
4.8 33027 20219
4.4 3807 44270
0.55 3807 44270
0.15 36594 43978
72.323 27101 3
4.8 38308 11895
4020.0096 1095 68
10848.45 1464 3
4.5 9519 12024
162.0 64503 645
1.2288 12844 22098
750.75 38678 24748
2.4576 29861 52917
715.9977 5127 3
0.72323 4865 20571
0.15 46831 43978
1.2230155872 29861 52917
600.0 64503 29135
112.838999999 15750 29135
0.3 12844 11895
0.6 36594 46831
7.5 2244 5685
2.2 52376 44270
0.0375 10308 18067
0.672 39928 1476
0.72323 25364 4067
0.3 11895 22098
0.3072 11895 22098
0.3072 12844 22098
1.2945E-5 61 3970
2108.0 10256 141
150.0 33614 9867
1.2288 12844 22098
0.05225655 37490 20219
2271.95471477 13600 3
0.96 13213 22236
0.3599999985 48843 11936
1.44646 20571 40440
361.615 8706 27308
1432.2624 4440 50390
1.1 3807 44270
750.0 15857 24884
3616.15 51672 3
1.95 11186 14553
1.44646 40440 20571
0.388 53376 101
7.468992E-4 33027 37490
9.3 6160 8987
7.2323 53700 3
0.96 15896 5218
0.009 25045 19840
0.04847 33162 21569
2.3136 39928 66259
8.823406 10470 38
9405.0 17072 29135
1.5 271 876
0.1536 33027 37490
1808.075 289 20219
1446.46 20219 24884
1042.64412 3108 24
0.6144 3807 52917
2.89292 20571 4865
89.2876542317 434 435
0.72323 4865 20571
0.6144 12844 22098
1500.0 33614 31578
0.6 46831 36594
5062.61 5727 38
0.6144 29861 52917
4339.38 16133 3
0.6144 18067 37490
4.5 9519 28371
5685.0 2048 29135
1.2 34612 34979
9.8304 29861 52917
5.5 38085 7840
6.5163023 1845 24998
1312.228512 64548 3
1.65 5455 14553
2285.76 15703 24
36.1615 19812 38
9.6 12844 11895
795.553 63589 495
150.075 29135 47461
4915.7184 1095 68
0.05 34879 55053
14.4646 18449 3
677.025 32554 14553
5785.84 410 2369
394.6 15857 24884
1050.0 4298 29135
0.0384 33027 37490
0.72323 37490 24664
0.1536 10308 37490
723.23 40269 33463
0.6144 3807 52917
1.2288 33027 37490
60.48 816 12802
4509.0 4353 14553
780.0 58663 14553
0.6 46831 36594
2892.92 42380 3
202.5044 17247 495
1.2 12844 11895
7.2323 9519 26773
228.889797586 1783 3
1.2 38308 11895
14464.6 25904 3
1.2 12844 11895
9.6 33027 20219
3616.15 410 15764
1.2 12844 11895
0.15 34612 34979
0.7296 194 48784
5785.84 1007 38
9.8304 3807 52917
0.6 46831 36594
0.00765 35321 62386
1808.075 39657 3
1248.0 15086 816
451.5 34358 14553
110.0 28062 28030
0.3072 33027 37490
0.96 15896 5218
30.0 46297 5685
19.3936 15764 3
0.2784 12802 29533
0.361615 25364 4067
19.6608 3807 52917
0.3 34612 34979
2.27E-4 2418 21848
144.646 20375 3
0.72323 34612 12377
50.6261 28426 560
0.15 36594 46831
0.0384 33027 37490
0.0072323 1845 44720
0.361615 25364 4067
7.2323 15636 38
30.0 2369 1761
0.0375 10308 18067
0.55 3807 44270
0.3405 23214 18667
2.4576 11895 22098
0.048 4440 28989
0.01875 10308 18067
0.3 22098 11895
1368.36566076 52492 3
0.6 46831 36594
115.7168 810 3
3616.15 8706 15195
98.1959168076 39002 3
8.8 52376 44270
0.6 36594 46831
300.9 59522 14553
45.0 13403 5685
4.8 12844 11895
0.3 36594 46831
1.1 52376 44270
150.526499998 17824 10514
2.4576 3807 52917
195272.1 4132 3
5062.61 5255 633
2.4576 29861 52917
0.3 33027 20219
0.6 36594 46831
7232.3 8706 30259
0.6 36594 46831
1.2 36594 46831
11.5156152104 52492 3
15.0 2369 54258
1.2288 29861 52917
0.15 36594 46831
0.72323 27777 38
0.72323 25364 4067
2.2 52376 44270
2.2 52376 44270
0.0705 225 18209
0.3648 39928 1891
0.72323 25364 4067
7.2323 1845 17275
121.798477232 289 15764
0.3072 33027 37490
0.72323 25364 4067
0.075 37490 18067
0.72323 23169 101
19.73 5042 632
0.075 37490 18067
0.72323 37490 24664
0.72323 25364 4067
64.36747 33039 38
10080.4512 1095 68
36.1615 37601 38
0.96 19775 6429
0.72323 25364 4067
36.595438 19963 3
144.646 19394 38
723.23 2464 3
300.0 29135 64503
0.72323 20571 4865
361.615 14028 3
0.6 46831 36594
0.72323 25364 4067
0.6144 10308 37490
4.608 194 46649
723.23 1813 3
723.23 38809 3
0.361615 25364 4067
1.2 33027 20219
0.72323 4865 20571
0.55 52376 44270
723.23 39657 38
786.7589933 35675 3
1084.845 46859 38
2.2 52376 44270
0.00765 50302 38996
3977.692677 1845 40269
1.1 757 40622
361.615 856 400
1.44646 4865 20571
14.88 816 12802
0.72323 4865 20571
0.3072 3807 52917
6509.07 1845 37084
0.3 36594 46831
0.6144 33027 37490
0.009 25045 19840
3009.0 4865 14553
0.3072 11895 22098
0.6 46831 36594
60.0 19235 5685
0.3 12844 11895
0.6144 3807 52917
1.2 38308 11895
1260.60716879 4622 860
1.0 271 876
75.0 27581 42
0.432 39928 54491
3.0 29319 14553
0.0055 34729 18575
6200.178467 5720 3
0.96 15896 5218
0.6 38308 11895
30.0 33614 25181
750.0 33614 14097
0.55 52376 44270
846.90233 14028 3
4.9152 29861 52917
0.6 36594 46831
0.6105 225 38887
1.44646 25364 4067
361.615 26618 3
78.72 56981 41424
7955.53 47666 400
0.72323 20571 4865
0.55 52376 44270
1699.2 1264 26
2169.69 19748 29975
600.0 33614 44413
0.003452 860 2840
1.44646 40440 20571
0.72323 4865 20571
0.275 52376 44270
1381.36929277 971 38
227.94 34616 110
0.3 38308 11895
2719.321 36362 18658
677.030999998 59522 29135
81.652667 44388 38
0.6 33027 20219
504.742217 23342 70
5.78584 4865 40440
2.4576 20219 37490
0.6144 12844 22098
4339.38 8706 4865
9.8304 3807 52917
5062.248385 1845 20274
60.0 10928 24326
7232.3 10237 36362
0.3 37147 645
0.72323 25364 4067
0.6144 33027 37490
0.72323 40440 20571
0.72323 6737 38
137.269054 8645 70
0.578584 27699 400
0.6 43978 46831
55.7139302399 29871 50645
0.361615 25364 4067
1.44646 20571 40440
7.2323 17627 38
5220.0 4980 98
0.0375 37490 18067
0.1536 33027 37490
2.4576 3807 52917
2.4576 3807 52917
72.323 32247 38
36.1615 40199 3
875.55 24344 29135
9.6 3951 11870
4339.38 504 3
0.72323 25364 4067
1121.0065 28453 3
0.6144 33027 37490
134.52078 18495 3
45.3 23511 14553
4.9152 3807 52917
15.0 2369 38346
1.1 52376 44270
1.44646 20571 4865
0.0384 12802 17868
9.6 38573 1411
0.0011 20014 3566
0.3072 33027 37490
1808.075 22671 38
2.4 46831 36594
0.005560217217 21598 29536
0.72323 4865 40440
0.72323 25364 4067
0.6 22098 11895
15.0 15857 18067
556.8871 1783 40
300.15 29135 64503
506.261 19748 38
7232.3 718 38
36.1615 6851 3
0.361615 25364 4067
28.9292 32191 400
2.27E-4 45678 8881
79.5553 5327 3
0.1536 20219 37490
9.6 22098 11895
2.89292 4865 40440
1500.0 20968 24748
1.5 5685 50733
0.00765 35321 54864
9.6096 38573 24145
0.6 12377 34979
4.4 52376 44270
0.3 22098 11895
0.15 22098 11895
0.72323 37490 24664
55.0 37669 11
1.1 3566 11
17.6 52376 44270
1.1 52376 44270
7522.5 48146 14553
1.2288 12844 22098
0.72323 20571 4865
60.9 23805 110
2.4576 3807 52917
723.23 54878 38
9.8304 29861 52917
645.0 25183 42
1.44646 4865 40440
2.2 3807 44270
0.3 21451 42
2250.0 33614 15436
0.11 26161 11
2458.25877 6070 21805
20.8649999985 55227 42
0.3072 33027 37490
0.0192 33027 37490
13.0 15824 14229
790.314 66217 14553
22.73039567 20571 4865
2892.92 15539 3
0.3072 33027 37490
4.4 3807 44270
1.2288 3807 52917
0.3 11895 22098
0.6 22098 11895
0.72323 25364 4067
1.44646 20571 4865
0.3 43978 46831
4.773999989 52134 11
0.6144 12844 22098
0.6 38308 11895
14.3136 39928 7
12070.7087 748 3
2169.69 19748 40
1.44646 4865 20571
0.0375 10308 18067
65.0907 43706 3
1.1 3807 44270
150.0 22385 14553
0.009 25045 19840
0.0096 30480 49978
1.24 7164 1253
0.3 22098 11895
0.72323 25364 4067
361.615 1981 3
2.4288 39928 66259
1.1 52376 44270
0.72323 25364 4067
557.61033 20851 38
34.8 42569 110
0.361615 4865 20571
30.0 33614 65698
300.0 33614 18130
91.7851193 65744 3
0.96 15896 5218
2712.1125 48138 3
10.314610889 3807 44270
9700.8 9940 816
361.615 255 3
0.075 10308 18067
8.244822 33547 3
0.72323 25364 4067
659.804873933 29975 17
1.1E-4 38059 64218
1084.845 15764 38
7.2323 29094 3
6364.424 47666 495
0.538 1512 8226
0.275 52376 44270
168.51259 18495 3
216.969 410 810
0.005919 28958 718
0.3072 33027 37490
0.00765 35321 51826
1500.0 64016 44550
0.15 36594 46831
1.44646 4865 20571
31.5936950368 1845 17275
0.72323 24664 37490
1.1 17997 55920
0.72323 25364 4067
0.0672 12802 59214
1.8 31114 14553
954.6636 3603 38
8678.76 8706 4865
0.0384 33027 37490
9.8304 3807 52917
2.544 24 26857
39.77765 49130 38
1.2288 3807 52917
777.6 25203 68
0.15 38308 11895
1.44646 20571 4865
0.0768 33027 37490
0.6 22098 11895
23.654297 9386 632
34.136456 21345 3
0.3 43978 36594
2.2 52376 44270
4.9152 3807 52917
0.1375 52376 44270
631.89 31298 14553
9.9 57389 5685
497.437594 18970 38
2.4 34612 34979
2.89292 20571 4865
0.6 38308 11895
739.14106 33641 3
1.44646 40440 4865
0.940199 37027 495
3095.4244 15764 3
3750.0 33614 26970
0.6 36594 46831
9.6 24570 3972
21.6969 11733 3
0.72323 25364 4067
0.075 37490 18067
1874.031 24884 4865
0.275 3807 44270
2.4 38308 11895
0.15 36594 46831
2.1769223 1845 52766
15.0 14700 18640
0.361615 20571 4865
0.15 36594 43978
1.44646 4865 40440
2.31153429995 7079 11080
794.829762768 5255 3
2892.92 410 25183
0.72323 25364 4067
48.962671 40563 3
0.72323 24664 37490
2.4576 11895 22098
106.636882 382 5296
5869.373065 4980 38
0.72323 35485 38
1500.0 33614 19987
0.3072 3807 52917
0.6709999995 10393 40
