5.5 32915 7974
2.4 36594 46831
108.675999892 18999 17
108.4845 13878 3
0.011 34729 9508
2.4576 12844 22098
20.08514 15857 24884
9.8304 33027 37490
2.5632 12802 32381
0.3072 33027 37490
0.014541 18406 13696
2.89292 4865 20571
7.95553 9059 38
72.323 12767 3
2.222 19570 37027
9.9 18912 21012
1591.106 19748 38
2880.0 11686 7
226.556057325 10098 40
397.848823 17848 38
4944.07084555 52492 3
952.77 8645 42
1.2288 12844 22098
0.0375 10308 18067
0.96 15896 5218
165.4125 44900 29135
4003.2 6232 68
54.0 12844 39046
0.9387453077 1845 58516
0.011 20014 3566
0.97340031888 10345 10978
0.3 46831 36594
42.4461836448 3807 52917
30.0 64016 44550
2750.0 101 289
0.6144 29861 52917
0.55 52376 44270
0.361615 25364 4067
6960.0 10363 110
35.944531 1845 44469
0.3 46831 36594
0.6 11895 22098
0.72323 25364 4067
7.2323 1845 17275
72.323 25799 38
0.00856575828 23641 58307
752.25 28849 14553
1.1 3807 44270
449.55 64016 44550
2169.69 2337 3
0.3 46831 43978
34.5 10721 5685
0.3599999985 19840 43681
7.2323 6779 60309
0.3072 20219 37490
451.35 57216 14553
0.6144 33027 37490
1.2288 12844 22098
6.3541252048 26013 65936
2.4 46831 36594
140.234297 65665 3
0.72323 25364 4067
6384.67443277 5727 38
66.0 12939 42
1.05536 3836 70
75.0 12912 5685
150.0 15857 752
2.2 52376 44270
0.96 15896 5218
4.4 3807 44270
72.323 3890 38
36.1615 27101 3
0.384 39928 41187
0.72 15155 13169
360.714455701 52492 3
0.1455851047 14195 66839
112.82388 29123 3
0.048 39928 37328
8678.76 31430 3
975.854231768 1931 3
2.22 53868 48734
3.88 62379 40962
0.022 2955 64306
0.72323 25364 4067
7.2323 15799 38
1.1 52376 44270
0.2294 31703 9302
7232.3 381 38
0.6144 33027 37490
568.5375 24884 40269
449.55 64016 44550
9.6 66465 3972
0.00765 35321 45361
4.8 38308 11895
7515.0 4353 14553
0.00765 35321 15665
4.8 34612 34979
0.0191728273 40440 20571
0.15 38308 11895
0.1536 33027 37490
0.3 10308 18067
478.9632 34808 33064
672.0 55146 42
2.2 3807 44270
0.72323 37490 24664
2169.69 8662 38
723.23 1845 24888
5323.2 11828 2618
0.0072323 1845 20394
1.726E-4 48829 4206
3003.0 10928 33463
7.2323 10059 5948
2519.37169777 16133 38
1.2794999995 10393 40
0.15 36594 43978
9.0 5727 33798
1118.4 27458 27459
92.89238443 9095 3
15.009 15530 25045
1585.95 10449 40161
3900.0 495 52789
1.1 52376 44270
7.2323 11733 3
7.2323 2050 3
2.2 52376 44270
960.0 10943 28463
0.72323 25364 4067
1201.2 8662 17706
0.01012522 39649 8768
1050.0 12575 42
0.6 36594 43978
0.275 3807 44270
1.2288 3807 52917
1084.845 11157 3
0.0879208 3807 44270
0.00765 35321 61937
2.4576 3807 52917
0.72323 24664 37490
0.6 38308 11895
1.44646 20571 4865
1942.332 40269 24884
0.15 36594 46831
859.197232768 410 810
969.6 33284 24
0.5 271 876
2.4576 11895 22098
0.2342263 17622 393
1.44646 20571 4865
15.0 2369 10330
0.72 13170 13169
2.2176 12802 32381
1499.57244179 52492 3
2.2 52376 44270
723.23 14028 3
2.2 3807 44270
1.44646 37490 24664
148.5 34120 38
39.3216 3807 52917
363.300248849 52492 3
75.21592 3836 70
105.0525 29135 16345
0.96 450 3
0.72323 25364 4067
0.6144 11895 22098
0.361615 20571 40440
3616.15 1845 15764
0.3 36594 43978
7.0991999928 9527 7304
1500.0 29135 570
0.72323 4865 20571
2.2 52376 44270
45.0 28045 5685
9394.7577 19506 3
0.361615 25364 4067
10.0 271 876
0.3072 29861 52917
755.128934258 52492 3
0.006325572 28512 20800
1.44646 37490 24664
12656.525 22671 3
1.2288 33027 37490
900.9 971 14553
834.496035348 40563 3
4.8 24 8872
0.72323 25364 4067
2.2 52376 44270
0.55 52376 44270
0.0375 37490 18067
0.1536 33027 37490
2.89292 20571 40440
0.45 21993 14553
2.89292 12377 34612
0.361615 25364 4067
20.11505 42750 6535
2.89292 20571 4865
107242.804957 24508 3
150.0 33614 48602
0.6 36594 46831
0.6144 33027 37490
0.3072 33027 37490
0.6144 3807 52917
75.0 47903 5685
780.0 20968 645
723.23 410 25183
0.15 36594 46831
2.4 36594 46831
43.623 47491 26956
1504.5 4865 14553
6345.216 42044 816
7.2323 15617 3
0.506261 3641 3
5.78584 40440 20571
0.00765 35321 19696
202.469829606 1845 5727
0.15 36594 46831
5.78584 40440 4865
0.00765 35321 47057
0.6 36594 46831
7.015331 1845 60382
0.144646 495 37027
0.6 36594 46831
0.15 37490 18067
0.0768 20219 37490
18.0 7855 29135
477.114823768 2337 3
1446.46 47096 3
374.1 13671 110
1.1 3807 44270
2.2 52376 44270
6766.467557 29831 38
1.44646 40440 20571
1.44646 4865 20571
0.3 36594 46831
2169.69 5940 110
1504.5 20220 14553
1125.0 10716 29135
14.4646 26616 38
5397.60382257 1512 29975
2169.69 37787 3
115.283577998 23342 400
1.2288 3807 52917
1.2288 3807 52917
1.50648809 58899 495
4.9152 3807 52917
1109.507143 13037 3
36161.5 1464 38
0.6144 3807 52917
2.89292 20571 4865
8.63E-4 32587 13466
47.15313 27987 110
15.15 14339 14553
1.48 320 13387
17.6 3807 44270
2.89292 3847 38
3.0 29319 14553
4.9152 11895 22098
2.31 1060 24090
5265.75 5093 14553
0.052 52789 38232
0.231 7149 11
0.3 11895 22098
361.613134067 52492 3
0.011 34729 9508
8256.0 1938 68
0.72323 25364 4067
1.44646 4865 40440
139.88 18999 17
5.78584 4865 20571
0.15 36594 46831
0.00182053999773 26661 1378
72.323 17736 3
0.6 22098 11895
1012.52199277 25450 3
0.72323 37185 38
0.6144 10308 37490
75.0 33614 40263
0.72323 25364 4067
0.6 11895 22098
4.9152 3807 52917
1.2288 33027 37490
15.549445 35180 38
0.4304999995 27079 40
7.2323 8915 3
0.0072323 1845 19830
1084.845 410 15764
0.72323 25364 4067
410.433025 48634 3
3.2631197401 26013 61300
0.192 194 579
0.0864 39928 28780
0.72323 25364 4067
0.1375 3807 44270
1.2 22098 11895
7.2323 26986 3
1.2288 3807 52917
5.78584 20571 40440
4.4 3807 44270
120.694499998 42833 42
72.323 43276 38
7.2323 65864 38
0.72323 20571 4865
7232.3 8706 37084
0.72323 25364 4067
6000.0 40 3325
0.6144 33027 37490
7232.3 9642 3
752.25 38406 14553
0.6144 12844 22098
752.625 6787 10514
0.72323 2746 3
127.28848 43706 3
14400.0 10940 194
0.55 52376 44270
1.48 4754 13387
0.15 36594 46831
330.0 1160 28803
0.96 816 12802
11.838 15857 24884
7.2323 23954 38
3.61615 49095 3
0.0096 14798 46822
0.72323 25364 4067
1.2288 3807 52917
0.6 11895 22098
150.0 33614 49023
0.72323 25364 4067
1.964053 218 44911
6.8064 39928 65319
4.4 52376 44270
397.7765 28102 38
0.72323 4865 20571
1.5 11275 29135
576.0 26410 15824
750.0 5873 1926
0.55 3807 44270
3.760796 8099 38
0.15 43978 36594
0.072323 4729 66186
0.6 36594 46831
361.615 2439 25183
0.15 38308 11895
1.2288 11895 22098
0.7455 10393 40
0.96 15896 5218
7.2323 410 36507
7232.3 6892 3
0.72323 25364 4067
4.847 49586 12548
1.5 5685 1068
451.5 49428 14553
1860.66743219 52492 3
1446.46 32702 38
9600.0 17615 84
0.6 22098 11895
0.72323 25364 4067
747.746999998 17818 17706
723.23 31504 38
10.2612667953 25803 3
7.5 16423 40
4945.61814551 4945 38
2.2 52376 44270
4.5 9519 10718
723.23 15764 3
0.72323 36479 38
2892.92 19748 40
3616.15 30036 38
0.6 46831 36594
3460.35 12047 14553
0.3 36594 46831
0.72323 20571 4865
0.275 52376 44270
2700.0 3636 14553
46.937627 17547 3
4509.0 38678 14553
4.4 52376 44270
5.78584 20571 4865
0.00765 35321 30048
4.9152 20219 37490
0.5 3325 46548
0.6 12844 11895
6.45 3006 42
1374.13699277 23124 3
0.1344 39928 33742
3616.15 1845 15764
6.5090627677 3847 38
366.388318 54811 3
151.5 12190 14553
216.969 56274 38
164.89644 18495 3
0.72323 25364 4067
3.0144 37190 38387
19.6608 3807 52917
0.6 46831 36594
18000.0 33798 2369
9.8304 12844 22098
0.0192 33027 37490
1.2 22098 11895
0.6144 3807 52917
0.0375 10308 18067
2.4576 3807 52917
0.98705235 33027 20219
1.2288 11895 22098
10963.2 9395 68
1.1 52376 44270
0.72323 25364 4067
0.72323 25364 4067
0.02701 21598 15108
43.5834742998 1783 38
11399.6736 40004 68
0.72323 20571 40440
1550.763 65882 14553
526.575 15760 14553
0.72323 4865 20571
0.3 11895 22098
44.84026 65877 3
0.3 34612 34979
36161.5 43516 38
48000.0 7 34808
5.0 271 876
2.89292 34612 12377
723.23 410 15908
0.275 3807 44270
6647.46150696 8706 4945
11.0 42446 519
8571.3 10514 2369
34.932009 4430 5685
3000.0 33614 13739
0.041007141 15415 3
0.55 3807 44270
134.9535 39441 14553
4.9152 29861 52917
9.6 33027 20219
7232.3 13739 38
4.4 52376 44270
0.1375 3807 44270
2480.0 1253 7164
0.3 33027 20219
0.96 15896 5218
300.0 29135 64503
0.15 37490 18067
773.8561 11938 9649
2.4 46831 36594
0.6144 10308 37490
2.595999989 11451 11452
0.361615 40440 20571
8.7E-5 8902 98
0.55 3807 44270
2.4576 12844 22098
750.0 8714 7659
1501.5 38678 24748
65.0907 24505 400
4513.5 61777 14553
7.7 31759 3
17.6 52376 44270
0.0219 26013 33513
0.72323 25364 4067
2386.65899277 29913 3
1350.0 33614 9690
1.44646 4865 40440
0.3 36594 46831
1.1429420659 26661 1378
9.8304 3807 52917
0.048 39928 1295
4.464 12802 42550
287.266956 5466 3
8.8 52376 44270
0.00765 35321 58248
1190.36424977 2337 3
151.5 40520 14553
27.888 12802 25388
5760.0 1264 26
2.4 12844 11895
97.44 194 40238
5735.21389277 48138 3
0.275 52376 44270
5.78584 4865 20571
0.1689246624 10308 37490
87.0 55268 110
0.72323 20571 4865
0.6144 3807 52917
0.0072323 1845 27972
1504.5 4865 14553
72.323 27470 38
1.2288 3807 52917
0.00765 35321 12247
315.0 29135 5093
0.00765 35321 64899
0.15 43978 46831
353.4084323 52376 44270
0.01673091954 4931 137
1.2 38308 11895
1022.64721277 410 810
1.1 52376 44270
0.72323 25364 4067
1.7568 39928 51864
1.2288 11895 22098
2.89292 20571 4865
0.3 43978 46831
0.72323 25364 4067
