267.378131 41451 3
0.1152 39928 51864
1.44646 12377 34612
0.6 46831 36594
0.00765 35321 53620
0.6 36594 43978
2.3721944 53497 3
0.361615 25364 4067
15.0 2369 19560
0.72323 4865 20571
0.72323 25364 4067
0.1375 52376 44270
17.6 3807 44270
6761.1552 22671 68
0.72323 4865 20571
4.9152 29861 52917
14.4646 28426 3
0.72323 25364 4067
1.44646 40440 20571
0.361615 25364 4067
1504.5 27770 10514
289.3570907 9783 3
159.1106 47133 3
587.407406 2337 3
0.72323 40440 4865
3.61615 52980 3
2987.156869 8706 15195
1200.0 4298 29135
0.0011 20014 3566
2.9001450677 1845 29144
1050.0 27798 14553
8678.76 43276 38
0.3 12377 34979
2610.0 44264 110
35.2 3807 44270
723.23 51672 3
150.0 25452 29135
0.0288 39928 52708
52.79579 31576 3
300.751499998 1266 29135
0.6 36594 46831
15.0329999985 5265 43890
75.3 653 14553
1.2288 33027 37490
0.6 37490 18067
0.72323 10327 13565
9.6 22098 11895
0.96 15896 5218
0.6 46831 36594
7.2323 1845 17275
5.78584 40440 20571
0.72323 25364 4067
4.9152 29861 52917
2.4576 3807 52917
2.4 22098 11895
0.55 52376 44270
814.600383057 289 810
0.044767937 41564 53
0.795553 62782 3929
473.209389 19621 38
17.6 52376 44270
0.72323 25364 4067
275215.5168 11828 2618
1.518783 12025 42446
1.2192 39928 25462
1.1 3807 44270
5062.61 6892 3
1887.6 9007 29135
0.6 12844 11895
30.0 33614 65698
480.0 31092 14553
2.2 3807 44270
10.84845 37102 3
9.8304 3807 52917
1.44646 4865 20571
1.2288 10308 37490
0.7424999995 10393 40
1985.94 22253 14553
1.5 29135 62809
360.16854 1783 40
173.5752 289 450
7.2323 58266 3
83.89468 12187 70
151.8783 58184 3
0.0375 10308 18067
4.4 3807 44270
0.6 22098 11895
0.00765 35321 45184
15.15 4756 8207
1.2 33027 20219
3239.41948577 25024 3
2.4 12844 11895
0.3 36594 46831
0.3 46831 36594
3000.0 64016 44550
2.2 52376 44270
0.361615 40440 4865
4.5 9519 27833
715.9977 14190 400
0.361615 4865 20571
0.0096 39928 14359
165.61967 18495 3
2.89292 40440 20571
38.4 22098 11895
8.7E-4 21503 37723
78.93 29187 5685
494.039562936 52492 3
722.50677 27571 3
15000.0 13 29135
0.1536 10308 37490
450.0 64016 44550
1.5694091 17474 38
0.96 15896 5218
2596.95 9511 9733
0.6 11895 22098
0.0096 39928 25661
0.3 43978 36594
1.848 810 101
723.23 21263 38
40.8576 194 48784
122.22587 12592 3
9.6E-5 194 8142
3375.0 15857 9395
0.361615 25364 4067
4.9152 3807 52917
0.96 15896 5218
0.6 38308 11895
300.0 22385 14553
1850.0 53147 17411
571.3517 289 20219
0.00765 35321 19078
1800.0 29135 570
1.44646 40440 20571
0.72323 25364 4067
0.6 11895 22098
15.3 9028 14553
2516.0064 4440 57277
0.45 61178 14553
0.72323 25364 4067
0.361615 40440 20571
0.2169617677 58176 3
65.01693054 40563 3
39.3216 20219 37490
0.00765 35321 367
308.422499999 3701 10514
493.348704711 52492 3
0.0384 33027 37490
0.9 218 31076
1465.632 26731 24
0.0181313761 3170 66703
1056.0 64358 7
723.23 28253 38
0.3072 3807 52917
30.0 10561 5685
36.783999989 17047 6090
0.55 3807 44270
0.15 22098 11895
109.52 47 4746
0.6 36594 46831
1.5 36611 42
96.0 66465 3972
1.2288 12844 22098
0.55 52376 44270
0.075 33027 20219
2.4576 33027 37490
0.3 10308 18067
0.361615 25364 4067
216.969 37715 3
0.72323 4865 20571
940.199 633 450
71.59977 54022 3
339.0 29135 5093
0.72323 25364 4067
0.6144 33027 37490
0.361615 21967 3
96.0 66465 3972
0.72323 25364 4067
361.615 33660 38
0.96 19775 6429
5.5 3081 11589
150.526499998 8327 6744
1446.46 14028 3
0.72323 25364 4067
384.0 26410 1516
0.6144 3807 52917
1.1 52376 44270
947.368499998 51487 29135
0.1056 27424 42938
4.4 3807 44270
417.30371 810 3
0.3 46831 43978
1.2288 29861 52917
80.27853 29975 3
0.0697968 7079 40561
15.549445 9584 101
1084.845 52082 38
3.0 33614 55272
75.3 3198 10514
36.1615 1845 36280
0.72323 37490 24664
3507.30387777 1845 40269
0.275 3807 44270
15.0 2369 2473
9.8304 29861 52917
2.589E-6 428 4253
11.010999989 9584 101
8.8 3807 44270
0.72323 24664 37490
1500.0 64016 44550
723.304123843 52492 3
462.336 24335 68
2.8000319999 29871 12175
704.7 53003 110
7955.53 381 38
0.15 36594 46831
0.72323 25364 4067
1446.46 30636 3
44.261676 17710 3
451.5 62652 14553
545.735255015 52492 3
1.44646 20571 4865
0.3072 11895 22098
350.999849998 38577 10514
0.72323 25364 4067
7232.3 50444 38
0.1375 3807 44270
216.969 410 810
0.1375 52376 44270
0.1536 20219 37490
1100.0 560 27101
2.16969 62412 38
159.1106 43347 3
453.9 9007 29135
942.8319 16893 10514
51.652888 856 400
1.1 37669 11
2880.0 38387 7
0.0375 10308 18067
2.178 5774 11451
2.89292 40440 4865
0.72323 25364 4067
0.3072 11895 22098
1500.0 2369 11881
819.8016 12802 5260
1500.0 64016 44550
723.23 4722 4721
2.2 52376 44270
0.15 37490 18067
300.0 33614 66719
0.96 15896 5218
0.55 3807 44270
180.48 194 4294
1.2288 3807 52917
0.361615 20571 40440
1438.9632 34808 26471
723.23 38809 3
24.517497 28683 3
795.553 18377 3
0.1375 52376 44270
0.55 52376 44270
36.3 53147 326
749.85 7973 645
708.7654 14028 3
0.930537 18079 37331
750.0 33614 38406
900.0 10016 42
1500.0 64016 44550
4.4 52376 44270
1.2288 12844 22098
2.27E-4 428 4253
115.7168 65108 38
0.3072 10308 37490
0.6144 33027 37490
21.6969 18584 70
4.9152 29861 52917
0.72323 4865 40440
0.1278236702 1845 27483
0.3 36594 43978
1.44646 20571 40440
1.8 31114 14553
0.72323 25364 4067
1.5E-5 6133 351
645.36734026 52492 3
1448.00576671 14714 3
0.72323 9079 38
0.72323 40440 4865
9.6 33027 20219
0.361615 25364 4067
85.919724 61343 3
8.8 52376 44270
8.8 3807 44270
0.15 36594 46831
300.0 24893 42
98.88 64411 68
0.6144 11895 22098
289.292 50918 3
912.643937 2464 3
14270.3424 9395 68
30045.0 60329 29135
1.44646 20571 4865
848.5455 43802 29135
0.96 15896 5218
950.4 34808 11637
106.31481 38569 3
3616.15 410 11881
0.15 36594 46831
4.8 22098 11895
0.6 36594 46831
950.4 50599 1138
0.6 33027 20219
361.615 38809 3
0.72323 4865 40440
0.00765 35321 33325
0.72323 25364 4067
2082.90239277 36612 3
2.2 13940 3242
1.1 52376 44270
1498.5015 64016 44550
0.0051023169756 21598 1446
572.979 7363 10514
30.135 16684 13084
750.0 64016 44550
60000.0 14553 15857
0.15 38308 11895
48000.0 7 34808
1.1 52376 44270
238.6659 410 11530
0.6 10308 18067
723.157677 39221 3
1.1 3807 44270
300.0 33614 27798
0.036 48843 11936
0.72323 25364 4067
0.96 15896 5218
4.4 3807 44270
1178.88 36813 68
0.001973 28958 9033
0.3072 10308 37490
84.0194999985 225 24687
0.0096 39928 9143
0.3072 3807 52917
1812.0 9590 42
0.0375 10308 18067
0.3 22098 11895
90.0 33798 42
0.3 46831 36594
723.23 70 15764
0.6 36594 46831
5.5 27222 11
2169.69 4592 3
0.55 52376 44270
1051.05 4865 24748
30.135 10012 13
21696.9 5557 3
2256.75 35397 14553
0.72323 25364 4067
0.275 3807 44270
1903.305 24884 40269
23.6279168677 1845 39657
723.23 2050 3
11.57168 40440 4865
0.15 10308 18067
0.011 3566 11452
0.72323 4865 20571
2784.0 20193 10943
1.2288 11895 22098
0.72323 44490 519
0.0227 45678 13233
0.0096 39928 37328
0.15 46831 43978
21696.9 59709 57590
0.361615 40440 4865
96.551205 1752 3
451.8018 22385 10514
14464.6 8706 4865
0.72323 25364 4067
0.6 24427 14553
0.6144 18067 37490
2.4576 12844 22098
0.0096 39928 36488
2.22 53868 21876
9.8304 3807 52917
0.72323 25364 4067
0.15 36594 46831
7.76 450 101
45.0 33614 3636
9998.293135 14839 3
4.9152 3807 52917
3845.72192642 52492 3
245.233499998 25139 10514
0.6 11895 22098
72.323 12767 38
39.3216 3807 52917
2.4 46831 43978
1.8 62811 14553
1.5 29135 45169
1048.68349277 17247 46860
7.2323 1845 17275
601.8 46565 14553
1.44646 40440 20571
164.89644 18495 3
2.2 3807 44270
0.3 36594 46831
0.0768 33027 37490
3.0 15857 55833
0.72323 25364 4067
14.4646 9196 38
4.54 24085 455
1.2288 3807 52917
2.89292 20571 4865
0.361615 25364 4067
86.3 241 242
2.89292 20571 4865
28.105 2038 9258
0.6 11895 22098
0.72323 25364 4067
1.2288 3807 52917
0.6144 12844 22098
289.292 58184 3
0.0027048802 31296 25316
0.075 10308 18067
2.2 3807 44270
0.72323 4865 20571
0.72323 24664 37490
0.0466796 3807 44270
0.6144 3807 52917
1545.74537602 35045 3
2.4576 29861 52917
964.78882 40782 3
1.1 3807 44270
0.72323 20571 4865
2.4576 3807 52917
1504.5 6356 14553
2.2 3807 44270
2.1312 39928 45034
2.2 3807 44270
1638.4005 3057 14553
2.4 33027 20219
0.361615 25364 4067
0.1536 33027 37490
0.72323 25364 4067
2.89292 20571 4865
29.595 15857 54143
5666.37976875 52492 3
2417.75572031 36182 3
1.2288 3807 52917
0.72323 25364 4067
0.1375 3807 44270
478.9632 34808 61987
7.2323 42991 3
0.3 33027 20219
0.02518005 37490 20219
7.2323 8407 3
0.3072 10308 37490
0.275 9965 101
4.4 52376 44270
0.96 15896 5218
67.5 33614 62975
5.78584 12377 34612
0.723 10393 40
0.45 48409 14553
59.56016019 40563 3
723.23 1783 38
4.8673379 3225 38
2169.69 25133 3
0.3 33027 20219
1.726E-5 32587 48829
723.23 62004 633
2.531305 1845 5825
0.15 37490 18067
634.700934483 30125 3
1.0 271 876
150.45 51140 14553
214.7136 50169 7
31048.9871228 51424 495
9691.282 10984 38
0.361615 4865 20571
0.004847 20985 43474
0.361615 20571 40440
831.714492768 1843 3
1500.0 33614 25183
0.275 52376 44270
0.96 15896 5218
0.3 36594 46831
10.12522 38574 38
1.44646 4865 40440
1393.8528 52964 24
20.2576723 1845 32949
10.8515 60617 163
4.8 33027 20219
16343.5515328 38809 37787
0.96 15896 5218
723.23 38724 400
11.57168 4865 40440
673.2645 54420 14553
0.6 22098 11895
216969.0 3 8706
0.15064 26161 17
2.89292 40440 20571
