5.06261 28694 3
7.584 410 40199
1217.702351 29298 38
2.89292 20571 40440
4529.45786214 8706 4945
28.6 38085 2177
1.1 52376 44270
4.4 3807 44270
3.7 47 25069
7200000.0 5405 5404
0.6 11895 22098
0.72323 20571 40440
7872.0 21608 68
41.51701815 1845 37577
0.72323 12653 38
300.0 20494 29135
2.4576 12844 22098
0.72323 35309 38
2.4 37490 20219
4.8 36594 46831
4.4 3807 44270
0.0192 39928 8993
2097.36699277 410 25183
72.323 28426 3
0.6144 12844 22098
1500.0 20968 24748
216.969 18275 3
1921.92 24857 17706
870.0 9511 9733
0.55 52376 44270
0.6 46831 36594
8.8 3807 44270
10.12522 38724 400
1.44646 20571 4865
483.5136 58709 7
19.6608 3807 52917
0.72323 25364 4067
300.0 33614 38406
1.2288 3807 52917
0.3 11895 22098
2.5 271 876
0.6144 33027 37490
37.1881302815 29861 52917
0.361615 25364 4067
300.9 9690 14553
1446.46 19748 38
15.0 33614 5214
0.72323 25364 4067
2.89292 4865 40440
0.3072 12844 22098
0.0576 39928 32585
0.72323 24664 37490
3.0 11677 53938
0.15 33027 20219
0.0072323 1845 65176
8.3601916496 7217 70
0.15 22098 11895
0.96 15896 5218
1.44646 4865 40440
604.808999998 17694 14553
0.55 3807 44270
1.44646 20571 40440
0.3072 33027 37490
0.011 21442 38
0.3 36594 46831
0.361615 40440 4865
7.2323 1845 17275
0.72323 25364 4067
0.6144 33027 37490
1179.23497999 32587 13466
11933.295 206 3
0.3072 10308 37490
787.2 1095 816
4.9152 3807 52917
0.15 2686 27912
3.9168 39928 23041
1728.0 41554 24
2.89292 12377 34612
0.0768 33027 37490
7.2323 1845 17275
102.27 1783 40
1.2288 3807 52917
11.55 12138 13456
1.2 33027 20219
0.096 194 25170
0.1248 39928 66936
43393.8 1464 38
99.010187 64550 3
0.3 36594 43978
52.5 59375 5685
15.66 64280 110
0.7629999995 10393 40
7.2323 3325 16423
0.00765 35321 38657
0.3 22098 11895
1.44646 40440 4865
0.3 46831 36594
0.3 38308 11895
0.2784 39928 31699
361.615 6544 3
300.0 33614 5093
0.3 36594 46831
0.7159977 12025 23865
207.387959949 52492 3
506.261 35045 3
38.8 2576 26001
22.11203402 15908 38
225.1125 29135 21457
3144.405 19207 14553
216.969 59381 101
0.011 34729 9508
299.998124998 48260 29135
0.674 10393 40
137.4137 62270 38
524.5515 4865 24884
17.6 3807 44270
1128.2388 11151 38
23.14336 17448 38
2.4576 10308 37490
4.1069999926 7304 9527
1050.09 3325 18658
0.3072 18067 37490
4500.0 23939 42
0.0288 39928 17227
2.4 38308 11895
2.4576 12844 22098
0.87 66679 10327
3227.196906 23342 3
4.9152 3807 52917
0.6 36594 46831
108.4845 1845 55159
0.15 22098 11895
0.0096 39928 35758
165.61967 18495 3
0.3 46831 43978
1077.6127 15759 38
7.5 26101 5685
0.1973 28958 8298
4.4 52376 44270
211.5 17924 14553
0.0384 33027 37490
22.5 12214 5685
151.880999998 17049 10514
1.2 22098 11895
0.72323 37490 24664
0.3 36594 46831
4.4 3807 44270
0.72323 37490 24664
0.6 46831 36594
0.0707661999515 7079 57503
0.0384 33027 37490
0.72323 25364 4067
722.50677 15908 3
1.44646 20571 40440
0.04773318 8706 7217
1370.04458858 8706 29975
9604.896 1095 68
30.3 59755 29135
0.2496 39928 60375
0.0576 39928 42764
301.8 9690 14553
6.5163023 1845 46383
0.3072 33027 37490
312.6 58663 29135
0.100623 40385 632
0.15 36594 46831
216969.0 3 8706
4442.00632977 14839 3
971.52 49110 816
373.7 28532 47
0.3072 3807 52917
0.72323 40440 20571
2.4 46831 36594
0.72323 37490 24664
0.6144 12844 22098
0.15 37490 18067
1500.0 7973 645
1500.0 116 29135
190.9824 4440 14796
2.89292 20571 40440
0.15 36594 46831
2.4 38308 11895
1121.0065 38316 38
0.00165937000227 26661 1378
0.3 36594 46831
0.15 34612 34979
0.361615 20571 4865
8.8 52376 44270
5940.0 33614 4865
174.0 12262 292
0.0096 39928 50169
1.5E-4 6133 11200
723.23 20219 24884
2.4576 3807 52917
95.8176 27655 3972
1.44646 20571 4865
0.3072 29861 52917
4500.0 44550 14553
11.57168 40440 4865
2120.301 16 29135
0.0375 10308 18067
3045.282 4865 24884
0.72323 3929 38
0.96 15896 5218
0.6 46831 36594
2911.72397277 15539 11272
3905.442 10325 38
2.2 3807 44270
0.6 11895 22098
1.44646 20571 4865
15.0 17464 2977
1.2288 33027 37490
1500.0 64016 44550
0.082866 28958 36674
542.4225 10186 38
169.215 1783 40
0.3072 33027 37490
3.069 810 3
1525.41 24884 40269
1.1 3807 44270
0.0768 33027 37490
2.4 36594 46831
1.44646 21152 3
3616.15 6423 3
0.24 24847 126
0.72323 6712 3
723.23 2570 38
0.3 11895 22098
616.0 9527 41388
2596.95 9511 2412
8.8 52376 44270
2.2 52376 44270
0.96 15896 5218
0.275 3807 44270
0.6144 20219 37490
0.15 43978 46831
5062.61 5727 38
1.1 52376 44270
0.275 3807 44270
0.3072 33027 37490
3066.278231 6765 38
0.15 28579 5149
0.72323 24664 37490
1.2288 3807 52917
2.2 52376 44270
0.0384 33027 37490
28.8 5120 29871
19820.1888 9395 68
2.4576 33027 37490
723.23 694 38
8.11574835 33027 20219
28800.0 7 34808
3.09E-7 351 6133
9401.99 37084 38
1808.075 8915 3
361.615 14028 38
960.0 26410 1516
550.4352 206 68
790.5 20968 645
0.55 52376 44270
0.3 37490 18067
723.23 38809 3
0.3072 29861 52917
0.275 52376 44270
0.011 34729 18575
0.6144 3807 52917
0.3072 12844 22098
65.0907 21277 38
0.3 11895 22098
48.3547328528 10344 17
750.0 22593 22594
5.5 27222 11
10982.753811 14839 3
0.6 46831 36594
257.180588 8966 3
2.16969 2330 101
19200.0 33115 194
9.8304 3807 52917
5193.6 25787 68
0.6 36594 46831
2.2 3807 44270
149.923874998 34136 29135
18.0 52700 5685
300.0 33614 9690
3.0264 400 41629
0.3 33027 20219
900.0 59282 29135
16982.4 1095 816
72.323 33896 38
1.2288 3807 52917
4.9152 3807 52917
58.8 40861 5685
1.1 52376 44270
150.793455 29859 38
0.72323 37490 24664
0.0192 39928 52759
0.361615 40440 20571
5.5 29063 15028
1940.805 27929 14553
1.726E-5 32587 55400
1880.398 20219 24884
0.9795 6133 350
3.1894443 1845 25009
1.44646 25364 4067
19.98 5433 13054
5426.6304 6391 7
750.0 5644 14553
0.275 52376 44270
0.275 3807 44270
867.702417568 1783 40
1399.4456 25538 17
361.615 32926 3
72.323 9584 101
0.72323 303 11428
30.0 10928 46929
1.05 49038 14553
0.1973 400 5536
298.87089929 1783 3
5.78584 13077 3
0.15 43978 46831
867.875992768 14358 3
141.121499999 45797 14553
0.361615 4865 20571
2169.69 1917 38
0.3072 39928 44346
6.5090627677 12832 38
1.44646 34612 12377
0.14536923 1845 21778
0.6 36594 43978
4.4 3807 44270
48.384 194 16302
0.0384 33027 37490
1808.075 810 3
1354.05 9007 14553
0.3072 33027 37490
48.1454211 1845 37577
1084.845 971 38
4353.3792 8331 8330
0.72323 11010 3
1.44646 20571 4865
2.4576 3807 52917
0.72323 25364 4067
2.981371029 26013 61300
0.0768 194 32451
0.6 36594 46831
15.0899999985 5265 43890
585.8163 14358 3
723.23 1845 12462
4.8 12844 11895
4.9152 29861 52917
2.89292 20571 4865
4194.73399277 42380 3
0.15 37490 20219
198.671281 24114 38
19.6608 3807 52917
0.009238635 10345 10978
0.72323 20571 4865
900.0 64016 44550
15.0 15857 19344
0.6144 3807 52917
151.15507 18495 3
792.298465 40782 3
1200.0 3636 14553
2.134 289 26026
172.761065846 3807 52917
0.0375 37490 18067
29363.138 26917 36362
7.4 42009 47
1500.0 64016 44550
0.3744 39928 31699
0.3 34612 34979
4.9152 33027 37490
0.048 39928 37438
2.2 52376 44270
4.4 3807 44270
0.72323 25364 4067
7.2323 10963 38
3.7 7304 9527
0.3 36594 46831
4.4 3807 44270
0.275 52376 44270
9287.0592 1095 68
2.2 52376 44270
0.3 11895 22098
0.00654798 201 11979
0.144646 17247 46860
21.75 1693 42
1152.0 30959 816
0.1375 52376 44270
2.4 36594 43978
2.4 12377 34979
0.6 11895 22098
3000.0 33614 45943
0.72323 25364 4067
752.25 64625 14553
3.7 46603 46602
1.65 4860 14553
74.0 4754 10197
45.0 33614 3636
0.03037566 52481 3
145.936499998 38788 14553
3044.55 24601 13
428.07 16893 14553
0.72323 25364 4067
0.72323 694 38
6.5090627677 14602 495
0.72323 4865 20571
1224.71189616 52492 3
96.0 66465 3972
20.5192 23580 632
11571.68 425 38
0.075 37490 18067
0.6144 3807 52917
0.3072 29861 52917
721.78354 20375 3
3.2545277677 52047 3
0.0096 59985 7
14549.6352 26851 816
699.652702 24927 3
4.9152 3807 52917
2979.7076 28453 3
1350.0 64016 44550
1.44646 12377 34612
1648.96439277 20219 24884
0.3072 11895 22098
4.4 3807 44270
1.1 3807 44270
0.15 12377 36789
7.2323 1845 17275
0.6144 3807 52917
15.0 39203 29135
7232.3 23342 400
3078.8475 4865 24884
2751.5985 4865 24884
2684.42291622 11126 3
750.0 58663 645
2.89292 40440 20571
67.5869999985 17730 126
355.29767997 2355 3
0.55 3807 44270
21696.9 748 38
0.361615 25364 4067
0.072323 5012 3
7.2323 1845 17275
25.601287 25920 53
144.646 52923 3
1446.46 856 101
0.00765 35321 54427
16756.5312 3302 26
1.1 3807 44270
150.0 24848 126
0.3 36594 43978
1446.45751932 52492 3
0.00124 31563 3
0.15 22098 11895
0.72323 20571 4865
2.4 46831 43978
3009.0 3636 14553
94.86 433 43343
15.0 12515 12516
902.421 4865 40269
7.2323 44388 38
0.3072 3807 52917
0.96 15896 5218
0.3 38049 28164
0.361615 40440 4865
2.89292 4865 20571
0.00765 35321 49719
0.72323 62782 18415
82.5209 17047 7304
1050.0 33614 66719
53.475 14537 10514
1100.0 48151 11
0.0465905 3807 44270
7.3 26013 163
0.6 36594 46831
150.075 29135 16345
1440.0 51802 68
0.72323 25364 4067
1.8 31114 14553
0.00765 35321 39320
246.62143 43669 38
5250.0 33614 9395
4045.5 4980 98
121.0077363 52376 44270
1833.75 24601 13
0.72323 25364 4067
0.00765 35321 29565
0.72323 40440 4865
1.2288 12844 22098
15.3 33894 14553
0.72323 20602 519
1.2288 3807 52917
0.361615 40440 20571
0.72323 25364 4067
0.048 39928 36438
0.00765 35321 54931
3.3 45767 17706
208.267646295 52492 3
