0.4416 39928 13667
150.0 55643 42
3.9264 39928 66259
445.220388 66088 163
375.940499999 971 29135
4950.0 5727 29135
0.361615 20571 4865
136.69047 61950 38
3905.442 1845 49834
102.987952 36134 3
0.3 46831 36594
60.0 33234 5685
0.72323 20571 4865
2169.69 25938 38
0.3 46831 36594
9.6 66465 3972
9.040375 1331 38
3616.15 40269 38
0.00765 35321 19793
0.361615 20571 40440
0.3 22098 11895
135.338999998 20863 29135
0.3 38308 11895
0.0292 26013 13218
60.375 61180 5685
0.0375 10308 18067
0.72323 20571 4865
0.361615 20571 40440
4.9152 3807 52917
4.9152 3807 52917
0.695 10393 40
1536.0 59617 816
0.72323 40440 20571
4344.432 19787 110
300.0 29135 38406
286.9632 34808 44276
0.72323 25364 4067
16272.675 43276 38
17.316 49528 47
9.6 23793 23792
4.9152 33027 37490
2.2 26371 36
0.7199999985 63163 19840
3254.535 39657 38
190.1299347 11126 3
253.1305 10098 40
379.05 38678 645
75.0 33614 38406
15.3 9516 14553
361.615 810 3
0.3 46831 36594
0.6144 3807 52917
0.72323 25364 4067
0.45 18071 31962
0.6144 33027 37490
1.8 27607 14553
865.689 28250 14553
72.323 27599 3
0.6 12844 11895
0.4593237 52376 44270
0.00765 35321 54208
0.72323 6393 303
0.361615 25364 4067
1.2288 29861 52917
144.646 1845 34012
0.3 36594 46831
0.6144 33027 37490
9320.8416 1095 68
3009.0 4865 14553
0.275 3807 44270
2.4 38308 11895
1.44646 4865 40440
6.150618 33027 20219
0.011 34729 9508
1.2288 3807 52917
0.0011 20014 3566
76.5 42883 14553
1.1 3807 44270
0.55 3807 44270
0.0096 30480 49978
73.95 8879 126
1.44646 20571 4865
0.72323 25364 4067
0.0096 39928 1891
619.629999989 13466 4206
0.048 4440 65682
0.0055 34729 18575
286.9632 34808 54280
0.6 33027 20219
7232.3 15764 3
0.6 36594 46831
3.0 50637 14553
23.9806039 3807 44270
600.0 3329 29135
7.2323 15743 38
0.275 3807 44270
27.48274 8886 38
0.72323 25364 4067
0.72323 25364 4067
0.00765 35321 28830
2.4 46831 36594
3.5232 39928 41183
6630.02370843 4945 38
11.25 44686 5685
6012.0 15263 14553
1.1 3807 44270
2.4576 3807 52917
0.3 46831 36594
58.164 24 34670
2.89292 20571 4865
5.0E-4 16423 19569
5.208E-7 1794 8345
0.1375 3807 44270
0.72323 4865 20571
2.4576 29861 52917
15.0 2369 63930
0.1739999985 225 1400
2.4576 3807 52917
0.72323 20571 4865
4.032 194 36101
2.2 3807 44270
3.6233750677 1845 43437
122.9491 13878 3
0.1344 39928 48565
3020.583 38678 10514
0.72323 25364 4067
1.1 3807 44270
0.01973 41530 163
1384.152 59522 29135
3009.0 9690 14553
1.2 36594 43978
7.2323 1845 17275
3000.0 42 2369
0.0384 39928 36438
128.517971 43405 3
1446.46 16893 38
327.680099998 39657 10514
1497.08609277 22098 38
0.72323 4865 20571
2.4576 29861 52917
0.0096 39928 63871
413.7375 39441 14553
0.0096 39928 42764
1093.017499 10822 38
0.361615 40440 20571
1438.50447 52385 38
1.44646 4865 20571
0.3 22098 11895
1.5 29135 42012
1.2288 33027 37490
0.075 33027 20219
0.72323 20571 4865
1.44646 34612 12377
2.4576 11895 22098
2169.69 35469 3
0.15 36594 46831
36.1615 1632 3
450.0 15857 22098
723.23 12563 38
4245.070808 495 3
109.945 289 20219
617.21044 13466 4206
48.0 35303 816
4.1568 39928 33346
0.2215741035 11160 21124
1.7184 39928 1891
36.1615 8722 38
15911.06 8229 3
959.904 4440 29732
549.292499998 2552 14553
8.8 3807 44270
86.565 9511 11674
952.65 42955 110
7232.3 50444 38
0.2442 31703 9302
0.6 36594 46831
63255.0 42 2369
0.15 22098 11895
0.72323 25364 4067
0.6 11895 22098
0.3072 10308 37490
0.72323 4865 20571
1053.15 9007 14553
12.1 32587 48829
9.8304 3807 52917
1.814138745 11160 21124
506.261 19748 38
3392.352 23766 816
0.3 43978 36594
0.361615 20571 4865
144.646 32061 3
1800.0 59282 29135
18.80398 29094 3
0.275 3807 44270
2458.97476047 21549 3
4.33938 50918 3
150.45 21993 14553
75.3 46485 14553
5785.84 5727 38
3.3 6261 29135
7159.977 1845 37084
1.5 5685 11489
0.96 19775 6429
6732.6375 62778 14553
361.649534233 32969 38
0.72323 4865 20571
900.0 20494 29135
0.6 46831 36594
1.726E-6 61 6537
0.0227 1116 17464
0.72323 143 101
94.0199 17247 46860
3182.212 4945 38
17.6 3807 44270
3616.15 37084 38
0.72323 25364 4067
144.646 17084 3
0.55 3807 44270
0.15 36594 46831
1.05 35690 29135
2892.92 1845 40269
11.55 34096 11
3.735E-4 20856 6126
3360.0 5047 7
78.6432 3807 52917
0.6144 18067 37490
0.075 10308 18067
12.5364 15357 15356
0.075 33027 20219
7726.3488 22671 68
34.1805 15232 5685
0.3 46831 36594
1617.3375 61440 10514
29.595 5536 632
0.3 22098 11895
7232.3 15764 3
26.0 1883 16707
9.8304 3807 52917
0.1344 39928 37438
0.075 37490 20219
0.55 52376 44270
4339.38 3603 38
1296.0 50367 29135
0.72323 25364 4067
750.0705 59282 29135
7.34440065 1845 12067
144.869999989 38280 38
0.72323 20571 4865
0.6 12844 11895
1.2 12377 34979
0.0768 20219 37490
7.2323 12563 38
8.8 3807 44270
900.0 21190 225
0.361615 4865 20571
331.5 28038 14553
144.646 20375 38
4.9152 3807 52917
15.5514 36782 21124
0.55 3807 44270
31.171213 289 810
300.0 36958 29135
0.6144 3807 52917
1446.46 14713 38
0.275 3807 44270
1525.65 116 29135
0.6144 10308 37490
2.4576 33027 37490
723.23 30036 38
0.1536 33027 37490
150.0 33614 26970
2.0004068792 27939 17
0.3072 12844 22098
0.0096 13016 1138
1.44646 4865 20571
3905.442 23124 3
105.6 50464 816
5685.3115001 52492 3
3006.0 38678 14553
1.05 7556 14553
0.6144 33027 37490
900.0 4298 29135
591.9 15857 24884
0.72323 12377 34612
5.5 35430 35429
0.3 46831 36594
0.72323 12377 34612
0.72323 25364 4067
0.3 46831 43978
818.7456 33269 26
0.55 52376 44270
42.34 47576 163
1.2288 3807 52917
172.65 17049 42
98.720895 1752 3
28.5704999985 35809 5685
80.27853 28850 3
0.72323 1845 45038
0.72323 24664 37490
19.6608 12844 22098
0.15 36594 46831
1.2 33027 20219
0.72323 25364 4067
2400.0 17480 26
1350.0 33614 61971
0.55 3807 44270
0.96 15896 5218
2.89292 40440 20571
15.0 46831 34979
0.9408 39928 59371
1400.8395 28583 14553
5.78584 40440 20571
5568.871 14028 3
1.491E-6 7742 23542
18.5 4754 47
72.323 15903 38
0.96 19775 6429
0.00765 35321 47570
7232.3 21031 38
1.5 33798 10514
4.9152 12844 22098
4.9152 3807 52917
72.323 573 38
650.907 19973 38
2715.78938686 52492 3
4.9152 3807 52917
14.3594117279 29861 52917
1.2 22098 11895
0.01875 10308 18067
723.23 14028 3
0.66898775 1845 11979
1085.061969 62109 3
4.9152 3807 52917
0.00765 35321 24155
0.55 52376 44270
1.2288 11895 22098
578.584 38406 38
3616.15 53551 3
960.0 37193 31157
1.8 9934 14553
1801.8 31993 17706
358.89637843 40563 3
0.361615 25364 4067
0.0096 39928 26932
72.323 373 3
0.72323 25364 4067
5.0 271 876
2.2 3807 44270
0.361615 25364 4067
2.2 3807 44270
908.197359849 1783 3
7.5 26841 5685
477.4272 4440 44476
1.2 38308 11895
1.2 22098 11895
730.499401699 29975 3
0.72323 25364 4067
1500.0 33614 45943
1.808075 15901 38
2097.36699277 8706 810
15.138 43890 5265
0.15 22098 11895
150.1485 54036 14553
15.784 23404 632
634.99594 29680 38
3164.832 4865 24884
0.3 12377 34979
0.96 15896 5218
0.3 38308 11895
182.858110181 52492 3
8.8 52376 44270
0.72323 25364 4067
0.6 36594 46831
582.15 45245 29135
0.96 15896 5218
3.61615 50591 38
723.23 7142 3
0.3 46831 43978
300.0 29135 64503
4.4 3807 44270
210.0 10716 14553
0.3 33027 20219
109.5 23834 163
7.2323 327 38
0.3 36594 46831
1.44646 40440 20571
788.3207 15764 38
750.75 40269 24748
88.451029 18901 7761
253.1305 1783 40
50626.1 12805 1845
0.72323 25364 4067
0.15 46831 36594
1.44646 40440 20571
3.5759999985 40161 2369
2.16969 32096 24967
1.2288 3807 52917
1465.98721 39657 38
2892.92 15764 38
4.8 36594 46831
1.2288 20219 37490
1053.15 971 14553
3159.79186277 25450 3
150.0 14194 42
0.72323 20571 4865
0.0192 33027 37490
770.0 17047 9526
4.4 52376 44270
0.6 11895 22098
2.2 3807 44270
7.2323 53551 3
1374.13699277 634 3
3000.0 36655 29135
1.2288 3807 52917
0.72323 20571 4865
0.6 22098 11895
484.2 33582 17
287.604993702 8345 38
192.0 11246 816
0.288 39928 66259
1064.448 29847 68
1.8 33077 29135
5.78584 4865 40440
2.89292 4865 40440
0.6 12377 34979
1.44646 24664 37490
100.05 41832 10514
72.323 9446 38
0.72323 40440 20571
4.9152 3807 52917
0.72323 25364 4067
1749.84 10240 7
1330.7432 66516 38
7.2323E-4 201 11979
735.524902768 17065 38
11.57168 20571 4865
42.75 56544 14553
1278.825 38406 14553
0.6 22098 11895
185.462 28958 15764
600.0 4298 29135
2.89292 20571 40440
7.2323 2339 38
272.368418 16893 38
2.89292 20571 40440
0.72323 37490 24664
0.3072 33027 37490
0.72323 25364 4067
0.6144 10308 37490
0.72323 40440 20571
17.6 3807 44270
0.6144 12844 22098
723.23 4592 3
2.7599999985 33027 20219
571.71 29772 14553
2.2 52376 44270
0.72323 37490 24664
823.68 4851 41520
0.87 16871 110
0.7774588 7079 19976
0.3 36594 46831
3.61615 694 38
0.96 15896 5218
2.9088 39928 12268
0.72323 20571 40440
2.89292 20571 4865
1084.845 8662 38
5.78584 20571 40440
0.0487095405 15908 3
1052.1 16983 6744
1.1 52376 44270
19200.0 66864 194
216.969 20375 38
0.6123371441 70 7217
0.275 52376 44270
0.72323 25364 4067
0.1536 33027 37490
1.44646 25364 4067
0.361615 25364 4067
0.3072 3807 52917
0.3072 3807 52917
2118.919254 2363 38
0.072323 25364 4067
300.9 21081 14553
5550.0 25183 2369
15.3 1987 14553
0.1536 10308 37490
45.3 29772 14553
0.6 38308 11895
2.2085563802 1845 45550
2.025044 5255 3
0.3072 20219 37490
4959.0 7069 110
0.6 33027 20219
723.23 27765 38
0.3 10308 18067
0.00765 35321 1877
2.4 36594 43978
0.6 46831 36594
