675.0 24857 29135
0.15 46831 36594
0.361615 25364 4067
0.0384 33027 37490
1446.46 2536 33463
0.15 36594 46831
723.23 14028 3
1.2 33027 20219
723.23 14028 3
1.2288 12844 22098
15.0149999985 58663 24748
1.2 38308 11895
1.1 52376 44270
9.07092E-4 21598 58980
9.6 66465 3972
1.1 17997 7456
7.2323 13401 495
1.44646 4865 20571
92.57344 25183 3
0.72323 25364 4067
1.44646 20571 4865
3.3 7456 36
289.292 1845 10289
0.55 52376 44270
0.96 19775 6429
4.9152 3807 52917
164.89644 8706 18495
1446.46 5727 3
4.4 52376 44270
0.6 46831 36594
253.1305 35081 38
1.44646 4865 40440
0.3072 12844 22098
3700.0 24269 11100
2.2 52376 44270
0.15 36594 46831
0.3 46831 36594
723.23 14714 3
1.2288 3807 52917
0.72323 20571 4865
433.938 5630 3
0.361615 25364 4067
380.16 34808 56325
14464.6 8706 15764
723.23 46860 495
7.2323 52369 3
723.23 56345 400
36161.5 9422 3
3.87806 289 48758
0.72323 25364 4067
4.9152 3807 52917
28.8283999612 450 101
0.0192 194 13019
0.275 52376 44270
3.3 44042 14553
1.8927078816 33027 37490
0.0375 10308 18067
0.96 15896 5218
0.361615 25364 4067
8.4032744607 410 23525
295.1140015 17810 70
1446.46 19748 101
566.214 40269 4865
300.15 29135 64503
2.89292 34612 12377
0.72323 24664 37490
0.6 36594 46831
2.4576 11895 22098
0.361615 40440 20571
2.89292 20571 4865
0.6 36594 46831
11.0 25165 101
1.05 10953 14553
0.72323 4865 20571
4.9152 12844 22098
0.072323 25364 4067
0.55 3807 44270
1592.0385 4865 24884
0.361615 25364 4067
9600.0 15829 3557
1.8986E-5 6499 55935
16.807999989 289 810
723.23 14028 38
1.1 3807 44270
359.283805509 52492 3
4.8 43978 36594
6174.8928 2337 68
1035.0 19425 40161
0.72323 25364 4067
2.89292 40440 20571
0.075 10308 18067
451.92 18999 17
10125.22 1464 3
0.3 12844 11895
0.6144 11895 22098
448.4026 8706 5727
1.2 22098 11895
1.44646 20571 40440
7.2323 55862 38
2.4576 3807 52917
0.72323 25364 4067
10848.45 16133 3
0.6 22098 11895
174.09809529 11126 3
4.4 52376 44270
0.72323 25364 4067
1575.0 44726 29135
3.3 41382 519
1500.0 64016 44550
0.72323 37490 24664
2.4576 29861 52917
1.6224 39928 33985
0.3 38308 11895
749.25 64016 44550
7.5 15857 26970
0.72323 20571 40440
0.00765 35321 22392
41.67 43978 14553
86.7876 40199 633
33.26858 18495 3
140.66317239 40563 3
11.57168 12377 34612
57.8584 32193 53
6059.94416277 5727 38
8402.0448 28792 68
0.6 33027 20219
0.15 36594 43978
63.0 23671 5685
0.15 37490 18067
2.4 38308 11895
0.1645275927 1845 39106
2.4576 3807 52917
4.4 52376 44270
2.89292 34612 12377
4339.38 24451 38
0.55 52376 44270
750.0705 59282 29135
127.34850809 40563 3
0.072 16887 24405
0.3 46831 36594
30.0 33614 25181
0.1375 3807 44270
0.96 15896 5218
1.1 17997 7456
8.8 3807 44270
0.72323 25364 4067
18.6 29772 14553
0.3 36594 46831
96.0 816 12802
1.2 33027 20219
1861.16007477 37912 38
2531.305 1845 40269
9.8304 3807 52917
5.78584 40440 20571
0.3 38308 11895
0.72323 25364 4067
1.44646 59088 3
0.15 43978 46831
143.19954 18495 3
0.0384 33027 37490
723.23 9898 38
0.6 34612 34979
1.1 52376 44270
156.6 25184 110
2.4576 3807 52917
0.9696 12802 25566
0.6144 33027 37490
2.2 52376 44270
24.235 31084 21729
17.6 3807 44270
0.00765 35321 21329
20.571089 52376 44270
0.1724999985 50639 4535
1446.46 37787 3
0.01875 10308 18067
7.2323 1845 31051
17.0159999985 22075 5685
4452.8685 116 14553
0.72323 20571 4865
0.361615 25364 4067
0.72323 20571 4865
2.16969 57035 3
1.9008 194 22454
15.0015 59221 25045
0.3 36594 46831
0.3 36594 46831
96.0 66465 3972
0.15 10308 18067
723.23 40269 38
0.72323 25364 4067
1119.69 9151 53798
0.00765 35321 51621
0.55 52376 44270
11.7792 39928 47313
0.72323 54026 38
0.72323 3225 38
1.2288 3807 52917
553.655999998 56959 14553
1.1 52376 44270
4.4 52376 44270
90.816 289 20219
0.15 43978 46831
2.4576 29861 52917
8.8 3807 44270
13.80250737 60670 110
2880.0 25552 5532
0.6144 11895 22098
375.375 5927 14553
0.3072 18067 37490
78.0384 816 12802
4.8 36594 46831
3000.0 33614 9395
0.9696 38573 24145
15.0 33614 14553
6096.82889277 5727 38
0.3 46831 43978
1.2 33027 20219
3.3 53147 4587
0.72323 24664 37490
0.001726 32587 48829
2.89292 40440 4865
2.4576 3807 52917
150.0 48260 29135
0.3 22098 11895
0.00765 35321 53225
0.00765 35321 22709
0.96 15896 5218
0.3 36594 46831
0.6144 33027 37490
9040.375 51672 3
1500.0 58663 24748
1500.0 33614 49310
723.23 35675 3
50626.1 12805 1845
86.911 20219 101
2.4 36594 43978
1.44646 20571 4865
300.3 14000 24748
39.3216 3807 52917
0.6 36594 46831
1.2288 33027 37490
1486.485 12029 14553
0.96 19775 6429
0.275 3807 44270
0.00765 35321 12811
0.01875 10308 18067
7.5 33614 23511
0.275 52376 44270
0.72323 25364 4067
464.890499998 27982 14553
69.94 5687 4126
11.57168 4865 40440
3399.181 4945 38
0.96 19775 6429
2.89292 40440 20571
4.9152 3807 52917
0.259 3929 227
228.54068 22507 38
17.6 3807 44270
0.72323 25364 4067
0.72323 25364 4067
2.0448 39928 49926
1632.0 39928 7
5011.98389277 8706 4865
2850.0 1074 35441
0.3 36594 43978
16.4928 39928 35554
8.94 33798 10514
0.72323 20571 4865
0.96 15896 5218
895.1775 10637 14553
72.323 38809 3
0.275 3807 44270
1.2288 29861 52917
5360.98142942 4945 38
1.2288 29861 52917
7.95553 70 15570
566.4 50323 24
2.89292 40440 20571
1.1 64664 101
0.6144 12844 22098
9.6 38308 11895
4.33938 1091 3
5472.0 24655 816
0.0768 33027 37490
2.2 52376 44270
1200.0 59282 29135
380.321050498 7363 10514
300.0 2369 49618
0.0192 33027 37490
0.0375 10308 18067
1.44646 25364 4067
4513.5 24884 14553
4.9152 3807 52917
11.3575 13456 12138
0.96 15896 5218
0.3 43978 46831
2100.0 36655 29135
0.001726 2999 241
10848.45 8706 37084
1.1 3807 44270
404.15584352 1512 29975
795.553 19748 38
0.0375 10308 18067
38.8038799612 20012 13700
1500.0 58663 24748
0.00765 35321 18103
2.4576 3807 52917
195.0 1035 28803
8.2153214483 410 23525
0.6144 10308 37490
0.72323 40440 20571
0.0375 10308 18067
43.04 558 17
7760.0736 57500 816
184.495973 52074 495
0.72323 1845 7761
0.3 36594 46831
95.754999989 20219 101
15.15 21514 5685
0.72323 20571 4865
0.048 68 9726
9.8304 3807 52917
0.6 22098 11895
0.15 43978 46831
1.1 52376 44270
5.78584 20571 40440
750.75 36997 17706
30.3 59522 29135
216.969 23124 3
3572.7562 3631 3
93.2062 558 455
1.44646 20571 4865
75.0 6321 5685
150.0 33614 53066
2250.0 1074 2369
0.6 46831 36594
2.2 52376 44270
2.2 52376 44270
0.72323 40440 20571
0.361615 20571 40440
1939.41248315 7527 3
4.9728 39928 25462
361.615 41038 38
0.0 35849 53
1.44646 20571 4865
0.0384 194 59244
0.9618959 5046 38
2.2473E-4 45678 14081
17.6 52376 44270
1.1 3807 44270
0.72323 8298 3
2.89292 12377 34612
3616.15 22671 3
7.738561 9783 101
2.89292 20571 40440
3616.15 50871 3
0.075 10308 18067
3000.0 5848 645
0.3 38308 11895
482.611379 35045 3
0.15 12377 36789
286.9632 34808 38312
99.0 255 38
2.4576 11895 22098
11.57168 34612 12377
0.19034055 10308 18067
4.9152 3807 52917
115.71 40188 110
0.6144 12844 22098
0.15 38308 11895
723.23 33203 3
0.0096 39928 48823
118.6272 54290 68
836.053872768 410 810
1.6608 39928 41187
0.6144 11895 22098
0.00765 35321 40941
0.2784 43167 51397
23.4 57389 5685
0.361615 4865 20571
5.543630273 10865 3
1.2288 33027 37490
618.36165 52492 3
0.6 12377 34979
0.00765 35321 8241
983.5928 12855 3
374.620499998 61088 14553
723.23 971 38
1498.53256 14028 3
1240.0 1253 7164
2.2 52376 44270
723.23 7299 3
0.72323 25364 4067
747.81982 57057 38
1.1 52376 44270
0.361615 25364 4067
0.72323 25364 4067
2.4 46831 36594
1.2 12844 11895
0.55 3807 44270
0.3072 20219 37490
0.72323 2456 38
3009.0 28244 14553
2.89292 4865 40440
361.615 3443 38
0.00765 35321 65589
2.89292 40440 20571
0.0 17769 3557
4.4 3807 44270
0.72323 37490 24664
2.0736 194 45749
0.361615 25364 4067
0.00654798 6561 6562
138.413999999 13804 14553
72.323 2706 3
4.9152 11895 22098
0.3 36594 46831
0.1375 3807 44270
1.319999989 16236 11
0.275 52376 44270
867.875992768 9661 38
2.2 52376 44270
2.2 3807 44270
23.2337523 52376 44270
0.275 3807 44270
83.25 58982 5685
0.00765 35321 20549
0.74 27204 13387
7507.5 2584 14553
2.89292 40440 20571
0.72323 25364 4067
2.89292 20571 40440
4.4 3807 44270
3420.8779 8706 4945
0.096 194 53083
253.1305 58184 3
2.4576 12844 22098
64.1004882 33027 20219
0.3200658645 876 271
578.584 4945 38
11213.8176 28792 68
0.3 38308 11895
1.44646 20571 40440
660.0 33614 22484
35000.0 12196 40
173.5752 26039 38
4.356 53147 4587
1488.0 48442 24
0.55 3807 44270
2.592 194 25836
55787.76 6391 68
75.0 16106 645
5.5 27222 11
0.15 43978 46831
21.6969 57290 3
0.72323 37490 24664
0.15 43978 46831
0.72323 25364 4067
592.0216134 434 435
0.477611940288 10345 10978
0.188657059104 3807 52917
0.3072 33027 37490
720.0 33614 38406
0.011 34729 18575
1679.773998 810 3
2.96 4754 13387
0.165 6939 6940
0.0768 20219 37490
15.0 64016 44550
2.4576 3807 52917
9.6 66465 3972
0.275 3807 44270
300.0 29135 64503
0.00765 35321 56850
30.0 48843 5265
0.72323 25364 4067
450.0 33614 515
4.4 52376 44270
3009.0 4865 14553
0.55 52376 44270
21.6969 989 3
4.9152 3807 52917
409.223999999 48392 14553
75.15 11916 24748
0.0096 39928 62597
1121.0065 3749 38
72.323 30259 21347
0.361615 20571 40440
0.6 46831 36594
0.00765 35321 33965
301.802999999 33181 14553
45.0 29135 3636
21.6969 1845 44267
0.72323 25364 4067
0.1799999985 25045 19840
1142.7034 23124 3
3564.6195 24884 4865
1746.52811977 32177 3
