216969.0 3 8706
7.4112 12802 30117
288.0 31594 816
0.0936 19482 13169
0.3072 12844 22098
0.361615 40440 20571
3.61615 37102 3
0.72323 24664 37490
0.00765 35321 37810
402.152849998 4111 10514
71.59977 32079 3
1.1 289 8748
8134.89103277 4205 3
0.1375 3807 44270
0.361615 25364 4067
5.78584 12377 34612
2.4576 11895 22098
1517.48117877 30527 38
4.8 12844 11895
0.361615 25364 4067
0.087 21503 37723
433.938 810 70
0.3072 33027 37490
4146.85616677 5727 38
1.2288 3807 52917
0.15 36594 43978
0.3072 29861 52917
4.9152 3807 52917
750.0 33614 49655
0.6144 33027 37490
2.89292 40440 4865
0.194388 495 43392
3598.720157 6688 163
0.6 46831 36594
722.139703 36771 70
0.72323 20571 40440
0.3 36594 46831
1446.46 14028 38
0.72323 25364 4067
0.225 33614 14553
723.23 410 16661
0.15 36594 46831
18.5 4754 47
0.00765 35321 67013
39.3216 3807 52917
2.4576 3807 52917
3616.15 5015 38
0.72323 20571 40440
0.1375 52376 44270
14.2200001485 11370 8920
2.89292 4865 40440
7152.7447 18417 3
0.1536 33027 37490
598.5 50367 29135
103.68 15152 2437
0.15 36594 46831
0.72323 25364 4067
6443.9793 1845 37084
15.0 33614 12146
0.3072 33027 37490
0.15 15773 14968
0.15 43978 36594
0.0192 39928 33742
375.0 59282 29135
6717.36024 748 3
0.6 46831 36594
0.72323 4865 20571
0.2208 39928 36240
167.55 58663 645
1445.73677 8706 5727
1.2 36594 46831
2527.56 2119 14553
9.6 22098 11895
0.0768 33027 37490
0.72323 25364 4067
0.361615 25364 4067
0.0768 33027 37490
0.072323 8706 14922
0.3 22098 11895
0.6 33027 20219
1328.3514 39657 10514
177.75 19164 51194
0.72323 25364 4067
1319.20658219 1783 40
27.5 47231 4588
4513.5 60606 14553
0.6624 12802 44942
870.0 35671 110
9.08 8037 51604
5.76 194 25170
21696.9 25450 3
0.0768 20219 37490
144.646 810 70
0.72323 20571 4865
0.15 46831 36594
0.3 34612 34979
0.3 11895 22098
723.23 410 3011
4.4 52376 44270
0.72323 25364 4067
0.15 43978 36594
1.1 3807 44270
26.25 9687 5685
9656.7264 9395 68
600.0 33614 3637
0.3 36594 46831
5.78584 4865 40440
1.1 52376 44270
150.075 29135 64503
361.615 38316 38
45.0 29135 3636
2.89292 20571 4865
72.323 6887 17511
2241.705 25452 14553
147.53892 810 3
0.15 46831 36594
0.72323 25364 4067
392.5632 34808 40965
0.15 36594 43978
9.6 38573 1411
86.8114376608 1783 3
0.361615 25364 4067
1.1208256925 70 7217
65.0907 1210 3
0.55 3807 44270
2.4576 12844 22098
72.323 65877 3
0.3072 3807 52917
2.4576 3807 52917
9.671646 26013 16431
148.992 29916 14913
5785.84 23342 38
0.6144 11895 22098
0.3 11895 22098
1.4536923 1845 15974
4.773999989 27689 11
5418.1710948 52492 3
1.2 22098 11895
336.08683536 1512 29975
0.072323 10327 13565
975.975 14295 14553
7410.0 33614 4865
0.72323 19748 38
0.0576 39928 66936
9.8304 33027 37490
4541.016524 46675 3
0.8064 39928 45034
902.7 8662 14553
7.8989999985 14104 5685
1760.2815 59522 29135
2550.0 2511 29135
0.72323 25364 4067
0.528 39928 47313
1.76 3300 20983
2.4576 3807 52917
2.2 52376 44270
0.3 34612 34979
723.23 4527 3
6509.07 5727 38
0.650907 55902 400
1446.46 54878 38
1045.69140347 52492 3
712.32 62091 816
7.5 53012 42
15.0 2369 34240
25.92 15155 13169
0.72323 25364 4067
0.15 38308 11895
976.3605 27385 38
2.4576 11895 22098
15.0 21514 5685
1500.0 33614 25183
0.72323 4865 20571
2.4576 3807 52917
0.6144 20219 37490
1.2288 3807 52917
6509.07 1845 37084
0.0375 10308 18067
0.6 36594 46831
5.92 53868 9293
0.361615 20571 4865
0.3 37490 20219
0.6 43978 36594
17.6 52376 44270
1.2 38308 11895
0.0375 10308 18067
9.6 66465 3972
1.92 816 12802
172.201499998 7339 10514
0.72323 25364 4067
1.44646 25364 4067
151.95 6133 13
181.5 51936 14553
0.00765 35321 41001
0.6 38308 11895
1.1 3807 44270
0.0375 10308 18067
3000.0 64016 44550
169.742081 1845 25709
2.89292 40440 20571
361.615 50818 38
30.3 44116 14553
1446.46 34603 38
2.4 36594 43978
34.2449405 14195 3
0.3 36594 46831
0.3739316069 13324 3
980.765686698 40563 3
0.96 15896 5218
723.23 40269 33463
1.44646 25364 4067
0.09 43890 11936
62.4 3701 5685
37.5 13592 5685
118.4 15071 47
0.15 43978 36594
3.88E12 7385 10950
0.3 46831 36594
0.96 15896 5218
1200.0 64016 44550
0.3 46831 36594
1.44646 40440 4865
867.875992768 7014 38
2.2 52376 44270
0.048 4440 30695
0.96 15896 5218
0.0672 39928 37438
2.420871 28912 15530
36.1615 33157 3
0.3 36594 46831
106.676425 42031 400
150.18 14700 18640
0.72323 20571 4865
0.0375 10308 18067
6.2208 39928 31053
0.6144 33027 37490
5.78584 20571 40440
2.2 52376 44270
0.96 15896 5218
750.75 9690 17706
687.0685 53670 3
361.615 41395 3
0.0672 39928 65845
38.8 2576 26001
17.6 3807 44270
0.3 36594 46831
1518.783 14340 38
15.8304 39928 41183
4.4928 12802 29533
409.197733695 1783 3
0.001973 26013 33847
732.875711278 40563 3
0.6 46831 36594
0.361615 25364 4067
6523.53459277 2853 3
1.44646 20571 40440
1501.5 748 24748
0.3 36594 46831
0.72323 25364 4067
0.361615 4865 20571
320.0295 12314 110
3355.7775 4865 24884
7.2323 4298 38
1953.9 38678 14553
9.8304 3807 52917
4798.9632 34808 12778
300.0 29135 4353
0.72323 24664 37490
210.0 28038 29135
150.0 33614 23567
0.0072323 1845 33431
0.361615 25364 4067
5.78584 34612 12377
2.89292 40440 20571
0.11 38085 3300
15.0 15773 2474
13.5 33463 1659
1.2288 3807 52917
2169.69 49201 3
0.6 22098 11895
8.5632 34808 55581
0.3 37490 18067
7.2323 52486 38
0.3 36594 46831
0.72323 25364 4067
1.44646 40440 4865
173.5752 18495 3
0.00765 35321 46767
300.0 33614 2168
5.78584 44165 3
1258.4202 289 15764
0.72323 25364 4067
0.6 36594 46831
0.72323 20571 4865
7232.3 37787 3
0.072323 25364 4067
150.45 16224 14553
75.3 23457 10514
0.3072 3807 52917
0.15 43978 36594
382.58867 5727 3
1.1 52376 44270
12.4184810778 1845 2948
40.862495 1752 3
286.9632 34808 58438
0.72323 40440 4865
22.227 43157 5685
332.647353093 52492 3
49.8 52473 14553
0.6 38308 11895
6733.9755 4865 24884
1.44646 40440 20571
0.0059023008 29861 52917
0.3 36594 46831
4829.51017933 52492 3
597.286499998 42196 14553
1569.192131 36169 3
101.76 58918 68
0.3 64016 14553
0.6144 3807 52917
0.96 450 3
5.78584 40440 20571
0.55 52376 44270
1.2288 12844 22098
0.00941176464 3557 66697
0.3 22098 11895
14.4 2506 7
0.275 52376 44270
0.72323 25364 4067
723.23 49201 3
0.3 46831 36594
304.032324205 52492 3
373.95 19155 22484
300.0 33614 27798
2.2 3807 44270
15.0 10012 9500
507.768580167 1845 20911
0.72323 25364 4067
0.361615 25364 4067
0.3 22098 11895
0.72323 25364 4067
3616.15 19748 38
7.2323 9519 31081
10.1376 39928 8993
7.2323 1845 17275
0.6 36594 46831
0.0072323 1845 53139
31.67530431 19490 3
0.72323 14028 38
109.93096 5120 3
0.72323 25364 4067
10.1324523 1845 7521
1500.0 36655 29135
289.292 6544 3
0.0375 10308 18067
3006.0 38678 14553
0.3072 29861 52917
0.59312145 10308 18067
3309.9 26970 14553
2.4576 12844 22098
144.646 15764 70
0.72323 25364 4067
15.0899999985 5265 43890
0.0096 39928 25462
15180.5976928 49656 38
73.76946 32746 38
15754.0032 6391 7
19.44 39928 55709
0.048 4440 9726
144.646 21863 38
0.15 46831 36594
2.4576 12844 22098
0.3 33027 20219
0.6 46831 36594
75.0 13909 5685
0.72323 20571 4865
14171.6918428 5727 38
0.3 11895 22098
31.4688 39928 6343
723.23 28186 495
122.370516 24927 3
17.6 52376 44270
2.4 36594 46831
0.0375 10308 18067
0.3 46831 36594
45.201875 40563 3
0.72323 25364 4067
1.075686477 10345 10978
0.3 10308 18067
0.055 21263 11
2.4 38308 11895
1609.815 25452 14553
0.6 36594 46831
15.0 33614 27798
0.00765 35321 20124
0.3 22098 11895
21.5565 11254 7238
5.76 5120 50645
0.72323 25364 4067
7.2323 16558 38
4.9152 3807 52917
1.2 12844 11895
1.44646 25364 4067
2.27 1116 17464
7.7255999926 320 4754
0.0375 10308 18067
0.55 52376 44270
0.72323 4865 20571
503.55 53812 42
571.71 11932 14553
521.521153 38406 38
0.15 46831 36594
478.9632 34808 49589
0.3 38308 11895
30.954244 19229 38
4.4 52376 44270
0.15 43978 36594
2.996136 20315 4481
1.2288 29861 52917
36161.5 8706 1464
0.6144 29861 52917
0.1375 52376 44270
2.89292 40440 20571
0.288 194 44094
0.96 15896 5218
92.6592 62731 7
0.072323 53670 3
0.72323 20571 4865
1446.46 971 38
7.2323 70 18584
41.4917051 17247 46860
7071.3792 8886 816
0.3 43978 46831
16301.242585 16907 3
0.3 36594 46831
19.4 856 400
3.338096289 52376 44270
0.55 52376 44270
1632.86038224 14714 3
0.0096 39928 35758
300.3 17206 24748
109.52 47 24500
9.6 22098 11895
3.673999989 4968 11
0.275 52376 44270
262.5 29135 5093
75.0 33614 40263
330.0 7973 645
0.72323 25364 4067
0.72323 25364 4067
2.4576 29861 52917
600.0 36655 645
894.563187 9783 101
0.6 46831 36594
0.1375 52376 44270
0.6 22098 11895
3.946 5674 46912
4.4 52376 44270
30.0 33614 27798
0.6 36594 43978
36.1615 23645 38
1805.8515 54607 14553
3.7 5433 3929
1.5 1400 5685
0.6 22098 11895
1.474 37984 42843
73.0 26013 163
0.1375 52376 44270
2.89292 20571 40440
609.3225 51088 14553
2.89292 20571 4865
11.7 53550 5685
0.6144 33027 37490
9.8304 29861 52917
0.00765 35321 44170
0.72323 25364 4067
1.1 52376 44270
0.0768 33027 37490
0.275 52376 44270
0.9024 39928 1476
0.3 22098 11895
2.89292 4865 40440
12.0 11428 5685
0.6144 33027 37490
872.832 816 12802
0.55 3807 44270
1498.5 64016 44550
21661.172438 38471 3
4.8 12844 11895
0.275 52376 44270
0.114434 1168 632
0.00765 35321 19464
1.1 52376 44270
22.0 20687 101
723.23 1783 3
0.388 53376 101
1.2 33027 20219
32.6270718 33027 20219
0.1536 10308 37490
