0.15 46831 36594
0.6144 3807 52917
0.6144 20219 37490
4705.32002388 52492 3
7.2323 1845 143
10848.45 12805 1845
1.44646 25364 4067
0.3 46831 43978
1.2 12844 11895
0.1536 33027 37490
2.89292 20571 4865
0.6144 3807 52917
904.0375 15764 38
54.977999989 289 22575
2.4576 3807 52917
12.4101422359 427 101
0.72323 14714 38
0.1631679203 26013 61300
0.87 4931 110
0.09865 26013 61300
0.6144 12844 22098
6469.35 51972 14553
1446.46 36134 3
1.726E-5 13466 4206
3772.8 25787 68
2.4 37490 20219
1.1 18855 3
887.654999998 19930 14553
1.2288 3807 52917
0.6144 12844 22098
0.1536 33027 37490
17.6 52376 44270
0.3 46831 36594
0.582 12285 400
1245.0 44726 29135
0.96 15896 5218
1500.0 2369 5727
0.07592 21598 17785
8.8 52376 44270
19.6608 3807 52917
0.55 52376 44270
581.084828088 52492 3
2.89292 40440 20571
4.4 52376 44270
1.05 53624 29135
1578.81108277 37748 3
0.6 22098 11895
233.241675 856 70
12.3230798085 40199 3
0.72323 25364 4067
15.018 17464 25045
0.72323 575 3
5685.3115001 52492 3
10.8 40266 42
0.0959496 12844 11895
2.4 33027 20219
1446.46 51836 38
758.4 38944 68
0.15 10308 18067
5.5 27222 11
93.9264 11229 26
30.0 29135 67036
96.0 66465 3972
103.68 5956 2437
1.44646 4865 20571
3.905442 5196 3
723.23 23169 38
0.9984 39928 635
0.075 37490 18067
12.0 29135 28460
110000.0 495 2693
0.6 33027 20219
2863.9908 8706 4865
327.62319 70 810
15.0 6449 645
723.23 410 15764
220.0 15764 101
0.55 3807 44270
0.075 10308 18067
0.1536 33027 37490
4.8 36594 46831
0.31 31713 790
0.3324728 52376 44270
0.1375 3807 44270
7.2323 14028 38
30.0 17464 2977
2.2 52376 44270
208.477499999 22020 10514
0.075 10308 18067
2.88 194 35524
0.621483489 3807 44270
0.00765 35321 66555
1433.1936 29172 24
5.78584 20571 40440
1500.0 33614 14097
2.2 52376 44270
5.78584 34612 12377
12.3 54011 14553
361.615 20375 3
1.0 271 876
0.361615 25364 4067
0.6144 3807 52917
0.0074 9302 21775
0.3 34612 34979
361.615 289 15764
2.89292 4865 20571
0.0011 20014 3566
2.89292 4865 20571
1.1 52376 44270
2.2E-4 33235 34729
0.00131930641885 26661 13516
527.9579 1783 3
0.3 43978 46831
0.6 46831 36594
1.44646 37490 24664
15187.83 61950 38
2.4576 11895 22098
4.8 38308 11895
24.0 29624 816
2.89292 4865 20571
0.0288 12802 24304
0.361615 25364 4067
4339.38 19748 38
14464.6 38809 3
240.719999998 24857 14553
15.0 2369 31379
5.78584 4865 40440
49.925 56561 912
210.0 3725 13
1523.2515 4865 24884
0.72323 25364 4067
28800.0 57590 7
4120.39079441 52492 3
5.78584 20571 4865
1.44646 45185 38
723.23 38809 3
2.4576 3807 52917
994.44125 2186 3
0.15 22098 11895
0.011 34729 18575
1446.46 15764 3
2.2 52376 44270
1251.552 38582 7
0.3072 12844 22098
99.3 42623 42
4339.38 410 25183
33.0 38085 2649
30.135 16684 13084
1.2288 20219 37490
2.89292 20571 40440
7.2 860 31757
3616.15 15764 3
28.9292 15803 38
0.72323 14795 3
0.55 52376 44270
14464.6 21387 3
19.4 2576 26001
108484.5 12805 1845
0.361615 25364 4067
150.0 33614 752
1.44646 4865 20571
723.23 10522 3
1501.5 16455 14553
137.4137 55902 400
1.1 52376 44270
0.72323 4865 20571
300.3 32559 14553
0.6 46831 36594
0.0216969 7149 3
0.6 36594 46831
4142.589117 40415 3
506.261 52082 38
108.4845 13445 3
0.361615 25364 4067
0.72323 25364 4067
0.275 52376 44270
0.361615 25364 4067
4.5 65809 14553
0.72323 4865 20571
2.4 12844 11895
0.6 36594 46831
23.28 856 70
0.15 37490 20219
4.4 3807 44270
2.4 33027 20219
61.5 57389 5685
0.048 4440 67136
1.2 33027 20219
8.8634295482 410 23525
30.6 4756 8207
450.0 33614 43145
1.1 27222 11
1952.721 51672 3
0.72323 15024 3
0.1536 33027 37490
1.726E-5 32587 6499
3000.68127 66516 38
0.01726 29009 241
3.61615 55862 38
0.0110503815 14992 29315
0.72323 25364 4067
2.4 38308 11895
0.6 36594 46831
7267.8816 1095 68
0.15 12377 34979
24.58982 42607 38
0.361615 25364 4067
1203.6 9007 14553
0.96 15896 5218
0.048 4440 20665
0.96 15896 5218
0.361615 20571 40440
1.44646 4865 20571
118.7136 57327 7
1100000.0 1060 20800
1.44646 40440 20571
0.72323 40440 20571
0.72323 25364 4067
8.8 3807 44270
0.00765 35321 12763
4.8 12377 34979
10125.22 47666 400
0.3 38809 42
2169.69 5727 38
233.28 816 12802
0.55 52376 44270
1.973E-5 22666 41262
14.4646 12877 38
3052.2585 4865 24884
4481.85631 4980 38
723.23 63589 3
0.3 36594 46831
1.8 65815 14553
0.72323 25364 4067
1.2288 3807 52917
7232.3 381 38
9.6 66465 3972
0.6144 3807 52917
0.3 33027 20219
7.2323 1845 17275
45.297 8698 42
578.584 12877 38
11.136 39928 38559
451.8018 22385 10514
144.0 43715 7
5.78584 40440 4865
0.6 10308 18067
0.15 12844 11895
0.72323 25364 4067
620.0 560 27101
11.57168 20571 40440
0.72323 25364 4067
43.008 194 46649
0.72323 37490 24664
723.23 23124 3
7.2323 1845 17275
0.28383315 37490 20219
1100.0 10687 38
2140.7608 14310 38
0.361615 25364 4067
0.55 52376 44270
0.407 50443 11
455.6349 289 810
4.4 52376 44270
55.0 810 3
6763.5 4353 14553
470.605761 37745 38
0.3 34612 34979
8.5657928E-4 23641 58307
2.4 34612 34979
0.6144 3807 52917
52800.0 40340 194
10.0 271 876
2328.41703612 13739 13840
170.8512 43920 1095
15.3 43271 14553
4036.896 62534 68
0.5137320984 22262 6070
6.5365455077 4395 70
29.9808 29871 36782
618.2 6190 11
0.72323 20395 40
17357.52 12805 1845
509.936237891 52492 3
0.72323 70 6779
181.3632 34808 16286
315.945 58670 14553
2.4198 9302 31703
0.0192 33027 37490
2.89292 20571 40440
0.275 52376 44270
15864.77328 10363 38
0.361615 25364 4067
2.4576 3807 52917
0.041433 873 5
0.72323 25364 4067
0.3 38308 11895
0.96 19775 6429
0.296 53832 5433
2.89292 4865 20571
110.0 7894 101
19.4 2576 26001
1746.4065 24884 40269
0.72323 25364 4067
9.6 33027 20219
4.9152 12844 22098
0.1375 52376 44270
4473.2736 57277 68
0.72323 4865 20571
4.9152 3807 52917
1.2 33027 20219
72.323 23373 3
0.0768 33027 37490
4.304 26161 17
0.3 33027 20219
361.615 53670 3
5.78584 4865 20571
0.72323 25364 4067
0.0015 10434 126
75.0 33614 27798
0.1175393396 1845 27483
72.323 13445 3
0.361615 25364 4067
0.6144 33027 37490
2.2 3807 44270
0.72323 25364 4067
0.15 36594 46831
28.9292 4797 70
4.4 3807 44270
5.78584 20571 4865
9.8304 29861 52917
0.0768 33027 37490
22.08 816 12802
0.361615 25364 4067
0.3 46831 36594
0.6144 3807 52917
21.6969 27101 70
75.0 51502 1074
517.83268 810 495
0.72323 20571 40440
0.72323 25364 4067
6.5524638 1845 20408
373.7 2856 47
6.6 38183 14553
0.72323 25364 4067
1.1 12138 52413
150.15 35621 24748
49.17964 450 53
0.3 36594 46831
6509.07 5015 38
8.8 3807 44270
0.275 52376 44270
0.72323 20571 4865
0.72323 37490 24664
0.0768 33027 37490
0.3072 3807 52917
0.6 33027 20219
1.2288 3807 52917
0.00765 35321 3668
0.04267057 1845 8201
19.2 53943 46977
0.96 15896 5218
91.8 57904 14553
38.8 3918 70
0.00765 35321 4965
0.275 3807 44270
0.3 37490 18067
601.8 15331 14553
0.15 12377 36789
0.275 52376 44270
0.3 46831 36594
0.0096 39928 24931
1534.5 7973 645
0.6144 3807 52917
75.75 35772 5685
0.3072 20219 37490
2.2 52376 44270
13.5 35725 29135
0.055 34184 101
723.23 10639 3
0.3 33027 20219
9.6 33027 20219
7.2323 1845 17275
75000.0 42 2369
1.2288 11895 22098
0.1536 10308 37490
7.8 8557 14553
144.646 53654 400
2623.77677214 13840 13739
2.011061 37389 5808
0.00765 35321 54497
7.5 33614 8791
300.1115208 13037 3
0.72323 20571 4865
1.2288 3807 52917
0.0096 39928 65437
0.6144 3807 52917
450.0 59282 29135
1.2288 33027 37490
4392.0630963 52492 3
0.124 10297 12831
0.55 3807 44270
0.275 52376 44270
0.361615 25364 4067
1.2288 33027 37490
2384.64 1095 816
7518.75 5727 6744
0.6 11895 22098
4.4 52376 44270
44.04 66561 10514
867.875992768 15356 3
0.6 22098 11895
30.06 11916 24748
723.23 3620 38
0.0384 39928 49926
0.6 12377 34979
0.0375 10308 18067
5.5 27222 11
0.3072 12844 22098
9394.7577 19506 3
300.0 19062 29135
0.3 46831 36594
1.2288 3807 52917
0.00765 35321 22377
0.72323 40440 20571
4.9152 3807 52917
1.44646 4865 20571
2.0611765708 23525 3
0.72323 24664 37490
2.2 3807 44270
0.6 46831 36594
18.80398 34434 38
1.2288 3807 52917
3100.0 150 433
0.3072 3807 52917
7.5993609219 1845 38012
795.0 52216 42
0.00765 35321 40142
2.25 7955 14553
0.72323 4865 20571
0.7666238 1845 42625
75.0 10012 13
0.96 15896 5218
2.4 12377 34979
0.1632 12802 356
2.4576 11895 22098
1.2288 3807 52917
3300.0 33614 26970
783.4752 5296 68
0.1973 18709 632
175.5 7336 13
2.4576 33027 37490
0.3072 33027 37490
1028.7 9690 14553
75.0 29135 3001
480.0 1516 26410
0.15 37490 18067
1.2 33027 20219
0.00765 35321 2755
45.0 33614 3636
365.593499999 2275 14553
0.0096 39928 12268
426.7057 7299 38
9.0392467612 1845 56788
1248.0 49152 68
0.361615 4865 20571
233.949749999 5588 10514
144.646 810 101
0.72323 20571 4865
4.8 33027 20219
940.199 8706 4945
0.72323 25364 4067
3.0 5685 33549
621.12077245 29975 3
18.981 14552 42
9.8304 20219 37490
1153.10137922 29975 17
0.72323 4865 20571
0.72323 20571 4865
1589.36995871 29975 3
36.3 5774 11451
3.0 33614 32761
0.3072 33027 37490
0.0096 39928 33346
0.3 36594 46831
0.72323 24664 37490
2.4 46831 36594
1500.0 33614 19642
0.361615 25364 4067
0.3 38308 11895
30000.0 13 29135
1452.20039223 29975 3
36.1615 32738 40
1767.7875 57748 14553
0.72323 37490 24664
5.39 27583 3
75.0 52756 5685
34.92 11190 400
787.597462768 410 810
