8.8 3807 44270
510.51 971 14553
760.5255 14295 14553
2.89292 40440 20571
0.6 22098 11895
2.2 52376 44270
2708.1 58663 14553
1.2288 11895 22098
9.6 38308 11895
75.0 55703 42
0.3 46831 36594
2.2 3807 44270
1654.95 53964 14553
144.646 810 3
300.0 18545 14553
0.72323 4865 20571
25214.6208 26851 816
0.72323 40440 20571
795.553 20375 3
1125.0 11978 14553
243.6 60667 110
67.5 15002 5685
1.2 10012 29135
1.8 16506 14553
45.0 40871 5685
4800.0 48153 68
2.1241482069 1845 37676
0.3072 3807 52917
39.3216 3807 52917
6207.70005177 4288 3
0.96 15896 5218
9.6 33027 20219
0.72323 25364 4067
0.6 33027 20219
0.048 68 14299
2892.92 8706 26970
216.969 17321 3
0.650907 17688 3
2.2 52376 44270
361.615 59701 38
8.2707999876 7590 15356
4.5 9519 11077
0.15 36594 43978
0.72323 4865 20571
240.0 11246 816
0.077 20211 11
4267.057 29033 3
8834.182127 14839 3
2489.35766 2214 3
1.2288 3807 52917
9.6 66465 3972
6015.0 5727 10514
30.036 30578 59221
3.7 4754 47
39.3216 3807 52917
2997.06512 65405 38
895.086624712 1845 20911
3.0 33614 2336
22.2 1409 5685
15729.696 1095 68
804.368053939 11895 22098
0.72323 25364 4067
369.57053 2659 38
0.3 11895 22098
0.15 36594 46831
1500.0 10514 2369
2.89292 20571 40440
1652.36357377 2339 38
7.5 18263 5685
0.14035344 1512 31622
9.62 4754 47
1446.46 410 5727
1474.0608 57694 68
1053.675 5727 10514
1.726E-5 48829 4206
10.5 18679 42
0.6 12844 11895
8678.76 2369 3
0.4339307677 17247 46860
1.726E-6 61 5689
0.075 33027 20219
0.15 17121 914
1.2288 3807 52917
677.025 22319 14553
259.695 49869 110
5.78584 4865 20571
0.0288 46995 11619
0.1824 39928 37190
94.0199 810 3
2.4 36594 46831
14.4646 2934 38
0.275 3807 44270
0.15 37490 18067
723.23 410 15002
0.01875 10308 18067
1446.46 37490 38
144.646 52082 38
1500.0 36655 29135
0.002494503 21598 16639
1083.7815 24857 10514
35.2 3807 44270
2.4576 12844 22098
4.9152 29861 52917
48000.0 7 34808
0.3072 33027 37490
0.6 46831 36594
0.72323 30991 38
46.08 816 12802
7.8 59111 14553
7232.3 8706 26970
0.72323 25364 4067
0.72323 24664 37490
0.6 11895 22098
2169.69 15764 3
0.3 12844 11895
0.275 52376 44270
2.4 9519 3326
0.72323 37490 24664
40.573203 1752 3
0.288134832 70 7217
14.585999989 47231 18701
3616.15 1845 11272
4.773999989 21264 11
1446.46 19748 38
48000.0 7 34808
3.6 816 12802
0.00765 35321 58859
0.1375 3807 44270
5.92 53868 36324
723.23 10607 3
75939.15 44780 3
0.6144 11895 22098
1500.0 33614 19987
612.431164 14028 3
0.6 36594 46831
0.1375 3807 44270
904.0375 810 3
4.4 3807 44270
0.15 43978 36594
2025.04399277 39657 3
1305.6 26427 68
72.323 25061 38
0.72323 64089 38
0.72323 20571 4865
299.997 18684 10514
0.3 46831 43978
2.89292 20571 40440
0.361615 51490 70
2.4 43978 46831
1.2 36594 46831
0.3 46831 36594
72.323 52082 38
19.4 8059 400
12.1 13298 11
4.4 52376 44270
65.0907 39300 38
5062.61 6892 3
5.5 24090 1059
12294.91 4557 3
0.6 46831 36594
1735.75199277 13044 38
1.44646 25364 4067
0.275 3807 44270
2.4576 3807 52917
29.65243 17208 38
0.72323 24664 37490
20.9376 39928 3974
9.60096 3807 52917
0.361615 25364 4067
0.072323 21451 3
8041.16042477 14839 3
300.0 33614 3636
1.44646 20571 4865
0.0722203 7079 42177
0.0074 9302 21775
0.72323 25364 4067
2.2 52376 44270
0.3072 18067 37490
0.55 52376 44270
723.23 3580 3
0.075 10308 18067
1.44646 4865 40440
0.72323 25364 4067
0.0375 37490 18067
82.44822 810 3
2.2 3807 44270
1120.8525 55339 14553
570.72 28602 98
0.72323 25364 4067
752.25 23567 14553
540.539999998 971 14553
1.5 29135 6274
5.78584 20571 40440
1.2288 3807 52917
723.23 22271 38
7225.41349073 52492 3
0.72323 20571 4865
1.1 27222 11
9.6 38308 11895
0.72323 37490 24664
723.23 1845 3636
150.375 5157 29135
0.6144 3807 52917
34715.04 11157 3
0.1536 20219 37490
0.55 52376 44270
1.44646 4865 20571
17.7 21407 42
17.02 53868 57997
5842.11014353 52492 3
0.72323 25364 4067
7210.66975288 52492 3
1464.21 137 53798
3.75 33027 20219
49.17964 40522 38
10500.0 33798 2369
0.7326418 3807 44270
144.646 38809 3
0.3 36594 46831
121.175 24547 10452
2892.92 410 15764
3616.15 18816 18780
0.1536 18067 37490
2965.24299277 206 3
6.0 41776 14553
6015.0 5727 6744
0.5 3325 46548
63.8505 7050 5685
1060.5 54485 29135
8090.226 2398 29135
0.7304623 16365 3
1.44646 20571 40440
439.72384 1845 3636
1.1 52376 44270
2.4576 3807 52917
9.726276989 3807 44270
16.344998 15908 15909
0.72323 25364 4067
723.23 7299 3
3616.15 33203 38
1860.0 31993 29135
0.3 46831 36594
0.6 11895 22098
0.6 34612 34979
0.00765 35321 50782
6878.496 1095 68
35.2 3807 44270
2.4576 29861 52917
660.0 33614 22484
9698.064 57500 816
10.4297432238 1845 51710
36161.5 12805 1845
9706.4928 5296 68
0.15 36594 46831
0.6144 3807 52917
3.61615 11008 3
902.7 20219 14553
19.7952 39928 51776
202.53694535 40563 3
115.2 41206 7
9.694 42005 22071
0.15 36594 46831
1.44646 34612 12377
600.0 29135 44061
3.0 19176 5685
9.6E-4 24384 9563
85.5 33798 10514
7232.3 30259 21347
7232.3 12711 38
2864.5152 4440 9395
72.323 13445 3
475.422 36372 14553
2952.96 1095 816
8.9568 39928 31112
1.1 52376 44270
3077.8752 20736 68
8.8231177744 450 3
24.5970523 1845 6371
0.96 15896 5218
0.0432825 9511 46715
2.4576 3807 52917
154.0 14774 519
145.513876 29077 38
2.2 3807 44270
49.9995 1783 40
0.3072 11895 22098
1.44646 40440 4865
0.6144 11895 22098
0.15 42009 3419
0.361615 40440 4865
0.96 15896 5218
7296.0 9395 68
2.4576 29861 52917
0.0375 10308 18067
0.1375 52376 44270
1686.24 43236 7
75.0 33614 3930
2836.8 25384 7
0.4339307677 29843 3
0.3 12377 34979
1301.814 27765 38
0.361615 25364 4067
534.0975 58014 14553
0.6 36594 46831
4.9396609 55056 3
7.2323 1845 17275
2169.69 23124 3
0.3 36594 46831
4.9152 3807 52917
11.57168 20571 40440
3657.25537733 52492 3
0.6 12844 11895
433.938 42380 3
750.0 64503 29135
3.61615 59478 38
2900.15229277 8706 37787
0.6 22098 11895
0.72323 20571 4865
1311.36 1264 26
148.5 9243 38
5.78584 40440 4865
8.5632 34808 60484
333.123918269 14980 18658
25.65 22880 29135
3616.15 5727 38
0.55 3807 44270
1.0464 12802 11249
7.7 13456 12138
1374.13699277 25183 3
526.575 6470 14553
0.3 36594 46831
1.2288 3807 52917
3000.0 26970 5093
0.15 46831 36594
0.3072 3807 52917
4.8 33027 20219
0.075 10308 18067
0.3072 33027 37490
1.2 12844 11895
5.78584 20571 4865
2147.9931 8706 37787
0.3 22098 11895
1446.46 12563 38
550.0 15764 101
0.6 38308 11895
723.23 54679 3
354.3827 23982 495
0.00765 35321 59974
0.3 43978 46831
21.1248756961 1845 17275
4158.5725 495 3
155200.0 5559 10484
2386.65899277 410 15764
110.0 810 101
0.72323 25364 4067
1446.46 9263 38
688.608 24884 40269
0.0096 14798 7
1.2288 11895 22098
1500.75 16893 10514
4.9152 3807 52917
1.05 29103 14553
2.4576 3807 52917
0.6 22098 11895
0.2363313762 137 16660
0.1375 52376 44270
0.081193180704 3807 52917
0.72323 410 44674
2254.5 18497 10514
465.0 13607 42
3543.827 6423 3
0.72323 25364 4067
0.72323 24664 37490
1.1 3807 44270
0.0074 9302 21775
46.08 816 12802
722.50677 39789 38
0.0493532152 1845 29690
0.3072 12844 22098
2.2 52376 44270
0.72323 20571 4865
0.72323 25364 4067
0.00140028983666 32587 13466
695.240999 43671 3
7.2323 46906 38
1.1 52376 44270
793.8 58663 29135
0.3072 3807 52917
270.81 1482 14553
72.323 38809 3
83.3088637 23697 3
723.23 9422 3
0.0384 33027 37490
5.78584 4865 40440
0.72323 4865 20571
3616.15 47666 495
164.89644 18495 3
75.0 10928 24326
1.1 3807 44270
2.89292 20571 40440
723.23 49201 3
0.3 22098 11895
489.6 52695 7
0.6 46831 36594
1.1 3807 44270
0.011 34729 18575
5978.146857 8706 37787
0.6 22098 11895
2.4 46175 14553
2.2 52376 44270
13.5332677998 7217 70
1.1 3807 44270
499.75193 410 810
1.726E-5 32587 48829
2.4 36594 46831
0.048 68 51522
0.3 36594 46831
24.9441086801 61472 38
0.0 7399 56883
0.361615 4865 20571
0.15 36594 46831
900.0 4298 29135
1.44646 20571 4865
5858.16299277 23124 3
0.361615 4865 20571
5390.5824 9395 68
120.0 8879 5685
723.23 37312 38
0.6144 3807 52917
0.0453598485 37490 20219
21696.9 748 38
1.2288 3807 52917
750.0 58663 24748
1540.47989277 410 15764
2.1504953216 52365 17
0.3 36594 46831
1.44646 40440 20571
2.4576 3807 52917
300.6 49074 6744
1446.46 20219 24884
1.5 29135 64503
0.72323 25364 4067
0.05 1742 40
6509.07 47666 400
0.096 12802 19791
17.6 52376 44270
0.2458982 8498 3
0.72323 25364 4067
87.0 19176 5685
900.0 33614 29822
3000.0 36655 29135
1.1 52376 44270
0.6 36594 46831
0.0192 39928 51776
3254.535 1845 11272
3.8016 39928 39360
1.2288 12844 22098
15.0 29135 4298
1808.075 48138 3
43.5 25008 110
3.4932009 55056 3
2.2 52376 44270
2169.69 38809 3
723.23 38809 3
162.437458 25450 3
0.0375 10308 18067
96.0 27085 27086
1.44646 25364 4067
1.44646 24679 38
2.4576 29861 52917
0.361615 20571 40440
11.5310854965 25045 30578
630.0 5644 14553
1229.491 20219 24884
0.00765 35321 36992
1446.46 410 3011
0.1375 52376 44270
1.2288 11895 22098
0.3 11895 22098
931.7639 49399 31447
0.3 46831 36594
90.9959999985 25879 5685
4.8 36594 46831
0.072323 25364 4067
0.001726 860 2840
2.2 3807 44270
7227.0 34409 3372
1.44646 20571 4865
4.8 12844 11895
0.361615 20571 40440
110.0 32587 13466
0.72323 40440 4865
223.16626385 52492 3
119.57378559 40563 3
3546.50294377 36386 3
1121.0065 15764 38
22.002199989 52376 44270
855.508759768 14714 3
3471.504 66881 3
