0.96 15896 5218
5785.84 42567 495
0.72323 20571 4865
1.44646 20571 4865
0.6 46831 36594
750.0 29135 17086
1.2 43978 36594
0.0768 33027 37490
0.3 36594 46831
7.5 36594 15857
4.93986 10327 13565
687.0685 3145 3
1.48 4754 13387
0.361615 25364 4067
0.3072 20219 37490
8.8 3807 44270
2.257112 23580 632
480.94795 8886 3
1.44646 40440 20571
0.6144 10308 37490
0.3072 3807 52917
65.9616 12802 13207
0.72323 10814 38
0.289292 30650 3
4848.0 27459 816
0.361615 25364 4067
144.646 20375 38
2.531305 23954 3
2.89292 4865 40440
6509.07 11842 3
0.6144 33027 37490
19124.37089 9519 3
0.1375 3807 44270
5972.865 6231 14553
7.2323 1845 17275
74.621413889 52376 44270
2892.92 8706 26970
0.6 37490 18067
0.00765 35321 64883
1.2 46831 36594
58.943245 43848 38
3.4325002061 10345 10978
2.089213489 52376 44270
750.0 33614 26970
723.23 31504 38
0.6 33027 20219
4513.5 4865 14553
2018.100992 16907 3
300.0 29135 64503
7232.3 8706 37084
0.72323 24664 37490
2.4576 12844 22098
0.275 3807 44270
1446.46 60100 38
3543.827 1813 3
8.8 52376 44270
6147.455 410 7399
0.15 29135 35667
3000.0 7459 29135
31.104 27658 2437
2.2 52376 44270
0.72323 9088 38
2403.5136 8427 7
0.275 52376 44270
18.5 5433 13054
3519.8688 8886 84
0.55 52376 44270
0.72323 40440 20571
0.6 37490 18067
723.23 12563 38
243.1968 7475 816
0.00765 35321 6133
17.3647523 1845 15067
4.9152 3807 52917
1200.0 4298 29135
0.6 38308 11895
1.1579999985 225 38887
10.7554808 1512 11982
0.15 43978 36594
0.3 36594 46831
1522.65 43428 29135
2.89292 12377 34612
0.13516755 24209 11370
243487.433365 26023 19045
1.2288 11895 22098
75.0 29135 2482
1.2288 29861 52917
1053.74611 283 38
0.72323 25364 4067
0.72323 24664 37490
0.6 38308 11895
2.89292 4865 40440
2589.12 37101 137
0.0096 39928 46818
0.6 33027 20219
0.6144 11895 22098
2.89292 12377 34612
0.275 3807 44270
0.1481172 52376 44270
0.72323 30134 38
10.84845 2598 38
776.08417432 1512 29975
0.361615 25364 4067
0.72323 25364 4067
0.001973 28958 24884
356.448483546 1783 3
144.646 15764 70
4902.40297609 8706 4945
900.0 4298 29135
0.3123041085 876 271
75.0 13196 25183
2.4576 12844 22098
144.646 289 810
601.5 5093 29135
723.23 14028 38
10.5796781951 3807 52917
150.0 33614 752
25.31305 8051 38
4.9152 20219 37490
300.0 8662 14553
0.6 22098 11895
2.2 52376 44270
0.6048 39928 42432
0.1375 52376 44270
2.4576 12844 22098
3.12 10492 911
240.83559 18211 3
0.361615 25364 4067
723.23 3011 3
72.323 1845 23432
2.39401608 20219 37490
0.72323 25364 4067
1.1 3807 44270
0.6 11895 22098
0.96 15896 5218
9.8304 12844 22098
1.2816503476 1845 17275
0.6144 3807 52917
0.72323 25364 4067
0.55 52376 44270
8.8 52376 44270
2.4576 3807 52917
130.5 13084 16684
7.2323 70 11332
0.0192 35704 34673
1446.46 22575 101
7.2323 1845 17275
0.275 3807 44270
1084.845 20375 3
11.57168 20571 40440
112.460999961 28958 15764
600.0 64503 29135
0.37 18852 20609
0.6 46831 36594
0.3 46831 36594
0.6 11895 22098
1158.465 49310 14553
0.487435308 17555 21124
0.6 46831 36594
0.072323 1845 38871
2892.92 37787 3
723.23 10256 38
9.6 26777 64472
2.4 12844 11895
9.8304 29861 52917
2.2 3807 44270
9.6 66465 3972
7232.3 38099 38
0.15 36594 46831
29.3568 39928 58170
0.6 11895 22098
0.15 36594 46831
3000.0 2369 33798
0.029595 28958 37116
1.2 46831 43978
0.3 46831 36594
1152.0 56331 10943
480.0 24528 68
3850.0 33876 28062
345.501688731 52492 3
0.075 37490 20219
8.63E-4 32587 13466
0.6144 3807 52917
26759.51 10347 38
0.6 46831 36594
4.8 22098 11895
150.0 29135 65577
1504.5 23567 14553
19.6608 3807 52917
723.23 49086 101
3977.765 7760 38
0.6 22098 11895
5.5 32915 47645
0.72323 8298 38
0.72323 25364 4067
245.8982 38316 38
0.3 43978 46831
0.017757 28958 21965
1500.0 33614 15195
0.3 43978 46831
3254.535 5727 38
3.0 17488 14553
4.9152 11895 22098
600.0 64016 44550
7232.3 8706 2337
0.1536 18067 37490
238.6659 14795 3
63.3322241134 1845 32172
1446.532323 1845 9690
0.361615 25364 4067
837.254999999 10960 14553
0.72323 25364 4067
93.007378 4754 3
506.261 70 15764
0.650907 22222 3
2892.92 8706 14839
1.44646 20571 40440
9.6 194 14484
1.44646 20571 4865
0.3 10308 18067
0.72323 4865 40440
0.15 36594 46831
213.3 38678 645
14456.789116 30203 3
0.075 37490 20219
0.72323 4865 20571
17.687999989 13941 3242
31.9924768265 1845 17275
0.72323 4865 20571
0.075 37490 18067
1488.0 5331 68
0.6144 20219 37490
736.24814 20375 3
0.6144 33027 37490
7232.3 1845 37084
1.95 18130 14553
18.5 4754 47
1.2288 33027 37490
1.1 52376 44270
0.275 3807 44270
8968.052 43276 38
918.5021 289 20219
1.1 52376 44270
39.27 35219 326
2.4576 12844 22098
110000.0 5774 15004
0.6144 11895 22098
2.89292 20571 40440
249.64814755 36530 3
2.4576 3807 52917
7.215 56817 126
0.361615 25364 4067
570.0 21322 29135
173.5752 289 450
17.3664 39928 55743
2.16969 57039 3
812.429999998 45664 14553
0.96 15896 5218
0.72323 20571 4865
72.3554657947 1845 38012
1.5 5685 26106
7.2323 9519 14878
0.275 52376 44270
2.4576 11895 22098
0.3 22098 11895
2.4576 29861 52917
90.3 7955 14553
9.8304 3807 52917
1228.8 21585 68
19.6608 3807 52917
578.584 410 4945
3355.1328 10222 68
0.275 3807 44270
3737.397 24884 40269
90.0 33614 33666
0.675895908 49522 18658
7.2323 1845 17275
19.25 13456 12138
0.9925 10393 40
0.0288 39928 12840
1446.46 70 27101
16180.4736 3302 68
105.3 7051 14553
13.140472169 2153 3
454.141856756 52492 3
650.907 64365 3
0.6 36594 46831
8691.5328 22671 68
8544.0 7 34808
0.0768 20219 37490
0.3072 11895 22098
1.44646 40440 4865
0.075 10308 18067
0.0384 39928 50169
2.25360950495 53 450
1.44646 20571 40440
0.96 15896 5218
1800.0 36655 29135
2282.28 19207 14553
2.4576 29861 52917
0.2496 39928 17654
240.0 32767 68
10125.22 31430 3
15.853623426 3453 13840
9.8304 11895 22098
150.0 33614 26970
0.72323 25364 4067
1.2288 29861 52917
1.2 33027 20219
600.0 64016 44550
2892.92 8706 4865
2.4 37490 20219
0.3072 29861 52917
0.72323 37490 24664
0.6144 12844 22098
361.615 410 810
0.15 43978 46831
0.15 43978 36594
72.323 8298 3
29.396756389 52376 44270
0.1046952 7079 16368
1824.0 44592 816
209.736692768 14627 3
82.5 58713 5685
0.096 39928 2506
1.2288 3807 52917
0.6 38308 11895
0.72323 4865 20571
4.8 22098 11895
0.15 36594 46831
0.361615 25364 4067
0.6144 33027 37490
1.1 52376 44270
0.0375 10308 18067
0.3 36594 46831
1.973 38625 163
46.34964101 40563 3
150.0 29135 11850
0.6 36594 46831
0.00765 35321 2657
1.1 7456 19753
248.306722243 52492 3
840.310218731 52492 3
1.2288 10308 37490
0.6 46831 36594
343.53425 14028 38
11.0 39495 107
0.0384 33027 37490
0.6 36594 46831
1201.2 8662 14553
0.1536 18067 37490
188.0398 450 101
0.55 3807 44270
0.55 3807 44270
526.575 42476 14553
0.15 22098 11895
15.5695999926 5433 13054
1179.4866536 8706 29975
96.0 26410 1516
17.6 52376 44270
450.0 58663 24748
0.361615 25364 4067
4.9152 3807 52917
4320.0 1986 68
1350.0 64016 44550
0.72323 24664 37490
601.8 38406 14553
0.0096 39928 38559
3.01743705 38308 11895
0.72323 20571 40440
0.3 36594 46831
0.72323 20571 40440
0.075 37490 18067
1.1 3807 44270
96.43042559 4754 10197
1518.783 8706 2337
0.009865 23303 163
415.134012768 410 810
0.15 22098 11895
1049.3895 29355 14553
734.436999989 30017 4587
0.72323 4865 40440
0.6 36594 46831
0.3072 33027 37490
1.35 38183 14553
28929.2 1464 38
723.23 38406 38
0.00765 35321 66388
0.72323 25364 4067
289.292 362 38
770.0 7456 36
2.3904 39928 25462
548.20834 25743 3
0.96 15896 5218
0.72323 25364 4067
0.1375 3807 44270
3314.064 40269 4865
300.0 29135 64503
95.972621 8886 3
1500.0 64016 44550
2892.92 11272 3
16.4256 39928 59363
9.6 66465 3972
0.6 37490 18067
151.8783 410 450
2892.92 20219 24884
0.1728 39928 41146
4.8 38308 11895
0.72323 25364 4067
867.875992768 1783 40
0.275 52376 44270
2.4576 3807 52917
9.6 66465 3972
0.55 3807 44270
0.72323 35485 38
0.361615 40440 4865
3.3 21404 14553
18.08075 53747 38
4.8 38308 11895
300.0 59282 29135
0.72323 37490 24664
795.553 410 810
1.1 52376 44270
0.72323 20571 40440
460.4402 29322 163
0.0096 194 58799
1.1909645379 1845 42643
0.048 68 39740
3.405E-4 45678 14081
0.3 12844 11895
4.9152 11895 22098
1.2288 11895 22098
2.2 52376 44270
5.78584 40440 4865
357.203297 6008 3
2.2 3807 44270
6.8031899773E-4 21598 4681
0.1536 33027 37490
7500.0 33798 2369
3.4158959773E-4 45678 14081
0.6 33027 20219
0.3 10308 18067
8678.76 43326 3
0.3 22098 11895
1446.46 31094 38
1.44646 20571 4865
35.2 52376 44270
0.1536 20219 37490
3616.15 19748 101
115.7168 9642 3
0.4128 39928 56564
1.084845 16035 3
0.6 38308 11895
5062.61 15920 3
144.646 8662 38
0.55 52376 44270
1500.0 33798 2369
0.15 37490 18067
0.15 43978 36594
6.58946764349 14479 29871
0.00765 35321 36231
722.50677 1845 5683
0.3 22098 11895
0.75 45451 14553
0.6144 3807 52917
0.6144 33027 37490
4.8 38308 11895
0.3 36594 43978
4416.0 29847 68
1734.2235 24884 40269
0.00765 35321 14025
0.72323 4865 40440
0.6 46831 36594
0.72323 42607 38
1.5 19594 23542
0.0375 10308 18067
0.15 43978 36594
1.44646 40440 4865
0.00765 35321 66053
0.72323 20571 4865
72.323 55753 3
0.3 11895 22098
0.0192 33027 37490
14.8128 39928 36240
0.3 36594 46831
4.5 22258 42
0.6144 12844 22098
0.6144 29861 52917
0.3 36594 46831
216.969 18970 38
10.5 16058 5685
710.4 33346 7
486.0 57332 14553
1.2288 29861 52917
0.01973 17089 632
0.361615 25364 4067
36161.5 12196 38
3450.0 32792 29135
760.5 13525 14553
