0.6144 12844 22098
18.5 4754 47
0.1375 3807 44270
0.6 11895 22098
86.7876 410 40199
2.2 40950 608
10848.45 5727 3
1.374137 3929 38
0.96 15896 5218
0.0192 194 51598
0.6 46831 36594
0.0096 24384 14798
0.048 68 12003
108.4845 20375 38
1.0 271 876
4.9152 29861 52917
1.1 2584 38
0.15 37490 18067
96.0 28356 68
723.23 27655 7
306.252741557 52492 3
751.5 38406 24748
2701.35 40148 645
2.4576 10308 37490
0.72323 20571 4865
0.361615 25364 4067
0.72323 34394 38
1351.35 4865 24748
0.6835987485 37490 20219
13741.37 59709 57590
4.33938 23954 3
144.646 6544 38
7.015331 1845 60382
723.23 38809 3
0.72323 25364 4067
0.96 15896 5218
169.707 65815 14553
2.951E-7 29439 7220
0.15 37490 18067
17679.2832 6391 7
10848.45 14021 38
2.05192 28958 31544
58.3245000495 33690 16684
1446.46 16893 38
0.275 3807 44270
142.9632 34808 45733
1.44646 40440 20571
4.8 33027 20219
75.0 33614 12910
0.3 46831 36594
1.44646 20571 40440
72.323 52082 38
687.744 4502 68
0.1536 33027 37490
7.2323 1845 17275
278.4 29381 110
0.075 37490 18067
0.6 33027 20219
72323.0 12805 1845
0.15 2369 42
7.2323 48215 3
1203.6 22098 14553
1351.5 10716 14553
0.6 46831 36594
895.720355 495 3
5.5 2955 21336
2.2 3807 44270
0.15 43978 36594
4.4 3807 44270
0.13397835 10308 18067
0.45 53089 14553
468.65304 810 3
1.229491 56393 19
19.499 17047 7304
0.72323 4865 20571
1.2288 29861 52917
35.2 52376 44270
0.3 46831 36594
25.134047 14295 632
55.1318229 8243 38
1593.6 6457 68
4.4 52376 44270
3119.29098277 8706 2337
0.3 43978 46831
0.01875 10308 18067
164.68453361 10976 3
1431.9954 23169 101
8.5364091552 3807 52917
0.15 36594 46831
148.661683949 8345 3
4.4 52376 44270
0.075 10308 18067
95.827975 1752 3
7.2323 15031 38
0.506261 9886 53
279.383749 28186 495
0.075 10308 20219
60.3 40058 14553
2527.51373432 40418 6070
82.303574 1753 3
15.9 19359 29135
1.44646 20571 4865
1.2288 3807 52917
21.95436988 31287 3
1504.5 27770 10514
0.0384 33027 37490
54.45 57389 5685
2.2 52376 44270
19.6608 3807 52917
0.89101936 20571 40440
0.6 34612 34979
7232.3 697 3
148.9455 62811 14553
0.6 36594 46831
0.55 52376 44270
5.06261 1845 40638
14.4646 70 8645
0.6144 11895 22098
0.3 11895 22098
59.2470160646 52492 3
750.0 15857 22098
0.15 46831 36594
0.22331649375 137 15576
451.35 44544 14553
0.55 52376 44270
0.55 3807 44270
26.304 39928 51776
57.0209213569 2355 3
0.6144 3807 52917
1.5 5685 13
7.2323 32746 38
17.6 52376 44270
0.72323 20942 3
675.0 59282 29135
2.89292 61144 38
1444.32 9007 14553
0.96 15896 5218
93.9264 11229 26
0.96 15896 5218
0.15 36594 46831
10.0209494 1512 31716
19395.0336 26851 816
7.2323 26013 48287
20.16 2437 39216
35.2 3807 44270
0.0384 39928 65888
600.0 15785 14553
7.2323 14081 3
0.72323 11204 434
1.05 49038 14553
285.12 34808 37190
0.6144 3807 52917
0.0455618 7079 57784
1.2288 3807 52917
0.3 46831 36594
0.275 3807 44270
1.1 27222 11
72.323 38809 3
0.6 36594 46831
51.84 194 48256
601.270499998 6215 14553
1764.68119277 289 20219
1.008 39928 50169
7079.8752 8368 816
0.72323 25364 4067
960.0 16647 816
484.5641 289 20219
0.06943008 1845 1578
1129.323645 20375 38
1500.0 5093 29135
0.15 43978 46831
25.31305 8886 3
723.23 38142 38
4.9152 29861 52917
0.036 59221 19840
16149.7258928 20274 38
2.4576 29861 52917
5.5 13299 3
0.96 15896 5218
1446.46 34603 3
0.00765 35321 60056
2892.92 13126 3
0.6 38308 11895
9.5573567807 3807 52917
180807.5 3 8706
0.3 46831 36594
45.5026 17047 7304
1299.74 52789 495
1.5 13635 14553
19.6608 3807 52917
144.646 3225 3
3.88 2576 26001
750.0 29135 38406
1498.5 64016 44550
0.15 36594 46831
2169.69 59953 38
151.8783 5955 3
0.3072 11895 22098
0.275 3807 44270
1081.95208 15759 38
0.361615 25364 4067
51.35583907 36008 38649
6040.5675 24811 14553
1.2 33027 20219
1651.65 15785 14553
286.9632 34808 49937
0.0288 39928 47313
0.6 46831 36594
33268.58 8706 37787
48.5472 39928 7
17.6 52376 44270
0.6144 10308 37490
30.0 48843 5265
0.72323 20571 40440
2.89292 40440 4865
2.4 46831 36594
723.23 7299 3
0.72323 25364 4067
216969.0 3 8706
238.448931 48332 3
7442.33177061 8706 4945
0.00765 35321 54684
1047.1296 18888 10940
0.72323 25364 4067
9141.38841 24749 137
7345.07686282 8706 4945
0.3456 194 31648
2.2 3807 44270
0.72323 25364 4067
0.0768 33027 37490
143.488832 34459 3
0.361615 17247 46860
74.0 3929 5433
0.4224 12802 23456
0.00765 35321 24270
2.89292 4865 20571
361.615 13233 70
2389.65913885 52492 3
1.1 3807 44270
0.3072 3807 52917
594.334682 33463 15857
750.75 8662 17706
1.44646 34612 12377
0.3072 33027 37490
2.4576 11895 22098
7232.3 8706 4865
697.336941237 8706 2337
0.00765 35321 15865
0.72323 24664 37490
7955.53 36802 38
4013.92649277 8706 4945
0.72323 25364 4067
49.325 28958 4804
0.72323 495 43392
0.0074 9302 21775
146.09246 18495 3
1.2 33027 20219
0.3 36594 46831
0.6144 3807 52917
723.23 44621 38
4.9152 3807 52917
723.23 38548 3
0.6 12844 11895
585.8163 13139 3
0.0384 194 5545
744.9269 1230 3557
0.72323 24664 37490
22.002199989 52376 44270
15.0 15857 11913
44.0 27101 25977
33.8905939615 1845 13748
0.6 22098 11895
23.04 816 12802
2458.98199277 32247 38
0.6 46831 36594
45.0 33614 3636
121.50264 8706 18495
150.0 33614 6118
0.00765 35321 2957
8.8 3807 44270
330.50691 40632 110
1.44646 4865 20571
723.23 1845 12462
596.881719 40017 70
4.05 54568 14553
98.2942 17047 7304
4.8 33027 20219
0.72323 25364 4067
960.0 46027 29916
0.72323 25364 4067
13.05 54950 14553
289.292 27735 38
2.4 37490 20219
1.6827175441 26661 1378
0.72323 4865 20571
83.6265569421 18380 38
0.6 36594 46831
630.0 33614 38406
2.89292 20027 38
1.726E-5 32587 6499
0.72323 25364 4067
0.72323 25364 4067
5.5 32915 21584
0.3 36594 46831
0.72323 25364 4067
113.575 11026 393
1.2 38308 11895
1.1 26734 3
12535.7455828 23342 3
86.13 98 10353
72.323 27101 3
0.0439384 3807 44270
0.05 34879 55053
0.361615 25364 4067
1.74 12262 292
9548.3712 4440 20274
391.26743 39844 3
0.6 12377 34979
0.275 3807 44270
7.2323E-5 41916 26023
578.584 4945 38
0.55 52376 44270
18.5 4754 47
107.571749998 10153 10514
4292.37004277 8706 25183
0.72323 4865 20571
0.3072 12844 22098
1452.679778 25986 70
206.17761313 29861 52917
2169.69 35469 3
567.73555 11204 45119
750.0 64016 44550
1316.2786 289 20219
2169.69 24478 400
5361.30187817 52492 3
1958.064 8487 68
0.3 33027 20219
0.011 8748 101
0.96 15896 5218
1501.5 31993 17706
4.4 52376 44270
9.6 66465 3972
0.55 3807 44270
0.55 52376 44270
0.023676 28958 3877
153.9072 48845 10514
0.3 36594 46831
7.2323E-6 6608 101
4.9152 29861 52917
2.4 43978 46831
1.44646 20571 40440
2169.69 8706 4865
477.4272 4440 22485
2169.69 1007 38
99.08251 18495 3
0.1536 33027 37490
0.55 3807 44270
0.654798 29698 53
300.0 33614 38406
46.5 59805 14553
150.0 3240 27341
4.4 52376 44270
9.6 66465 3972
2.4 33027 20219
0.72323 12377 34612
0.96 15896 5218
0.1632 39928 41183
30.3 59522 29135
464.169014 10788 38
0.00765 35321 13270
9.8304 12844 22098
7.2323 52486 38
3109.88899277 25183 3
2.4 12844 11895
1.1 52376 44270
0.6144 3807 52917
1084.845 34585 38
0.3 36594 43978
0.01875 10308 18067
3616.15 10798 3
9.7791526225E-4 26661 13516
2.4576 29861 52917
91.488595 5493 3
17.6 3807 44270
0.72323 20571 4865
0.55 52376 44270
0.1799999985 25045 19840
0.3 46831 36594
2284.466601 46675 3
0.6 11895 22098
2.4 38308 11895
0.6 22098 11895
1.2 38308 11895
37.0 320 47
723.23 52385 38
7.5 33614 67016
0.011 34729 18575
0.361615 25364 4067
0.72323 25364 4067
303.607499998 28948 14553
0.72323 20571 4865
289.292 36352 38
9009.0 53532 14553
0.72323 24664 37490
148.5 55566 38
6850.49096471 8706 4945
0.72323 25364 4067
0.72323 25364 4067
1201.2 15785 14553
0.72323 25364 4067
0.15 36594 46831
0.96 15896 5218
5.351902 6067 3
1450.34663802 23342 38
0.11 7149 11
0.15 38308 11895
0.72323 25364 4067
86.7876 52082 38
152.60153 18495 3
450.0 33614 2519
216.969 6002 38
0.0375 10308 18067
0.0384 33027 37490
0.3 38308 11895
0.55 3807 44270
0.72323 4865 20571
2.89292 40440 20571
0.6 12844 11895
0.7609030507 26661 1378
0.3 36594 46831
0.361615 40440 20571
11.716326 32255 38
4.9152 3807 52917
7522.5 16796 14553
3654.0 59106 98
0.6 36594 43978
0.72323 37490 24664
9.569999989 14332 11
31.4688 39928 8882
675.0 59282 29135
0.336 39928 635
15.784 1078 632
0.6 11895 22098
72.323 810 70
0.0375 10308 18067
806.618411768 10976 3
0.6 11895 22098
0.5952 39928 32260
0.5846973 52376 44270
90.0 64016 44550
3.88 289 8592
5.78584 4865 40440
0.0192 33027 37490
240.0 32767 68
723.23 46448 4865
2642.320805 8886 38
4704.7488 6391 7
0.15 36594 46831
0.361615 25364 4067
100.951949998 41832 10514
0.72323 25364 4067
1051.05 36997 17706
121.5 54503 14553
4.33938 11133 3
8.8 52376 44270
1.44646 20571 4865
2.89292 20571 4865
752.954753 13126 3
1.1 52376 44270
15.525 387 10514
361.615 322 323
1.2288 12844 22098
0.0768 20219 37490
1.2 12844 11895
20.5767396791 7217 70
0.6 11895 22098
72.323 17084 3
0.55 52376 44270
7.4709412485 33027 20219
0.15 15773 26897
15030.0 4353 14553
1955.85 15785 14553
0.275 52376 44270
0.0375 10308 18067
2683.05 20968 645
0.55 3807 44270
0.72323 25364 4067
723.23 18214 110
4.9152 3807 52917
7.2323 1845 17275
34.2 10012 13
0.3 36594 46831
1446.46 14028 3
0.3 36594 46831
549.6548 6494 3
6336.0 1986 68
2031.075 45421 14553
7.2323 64373 3109
1.2288 12844 22098
