62.19778 8330 70
10204.919946 4249 3
15030.0 4353 14553
0.361615 25364 4067
5.5 27222 11
0.72323 4865 20571
1.44646 37490 24664
759.3915 18855 3
0.15 37490 18067
692.07 21014 14553
186.676737689 495 810
7.2323 65864 3
0.3 22098 11895
0.009 43890 11936
1.1 3807 44270
0.3 46831 36594
8.8 52376 44270
631.89 42518 14553
7.2323 289 20219
1504.5 12190 14553
39.3216 3807 52917
0.6144 3807 52917
0.361615 4865 20571
1.808075 7042 38
0.0096 39928 58131
0.5 271 876
2.2 52376 44270
108.195208 6601 70
0.361615 4865 20571
1500.0 33614 27798
4.9152 20219 37490
0.72323 5841 38
300.0 29135 64503
3.254535 25061 38
1.1 52376 44270
0.275 3807 44270
0.361615 25364 4067
450.0 58663 645
1.1 3807 44270
0.55 52376 44270
723.23 11944 38
0.6144 3807 52917
940.199 410 320
94019.9 3 8706
0.15 36594 46831
1808.075 15764 3
556.8 60667 110
0.3072 3807 52917
3.543827 39082 3
75.0 33614 51972
1369.095 9007 14553
107.667999989 36003 101
369.0 29135 5093
2.27 1071 455
0.3 11895 22098
3.61615E-5 22222 3
0.6 46831 36594
0.1375 52376 44270
1.2 12844 11895
1.2288 12844 22098
216.969 20375 38
0.075 10308 18067
1.2288 3807 52917
5.92 53868 56781
216.969 810 101
2.4576 3807 52917
750.0 64016 44550
0.72323 25364 4067
0.795553 66262 38
0.6 46831 36594
289.292 450 101
77.0780853717 59268 38
95.904 4440 56452
19.4594999985 53010 42
7500.0 44550 14553
4339.38 23342 40
2.4576 12844 22098
5719.881424 8706 15195
0.72323 25364 4067
0.361615 40440 4865
0.0375 10308 18067
0.72323 25364 4067
2.2 52376 44270
0.15 36594 43978
0.5376 12802 44942
542.4225 24927 3
2.2 3807 44270
3882.51560177 14028 3
2.2 3807 44270
19.5 5686 5685
1.374137 4888 70
7.2323 19832 38
525.0 9540 42
0.6144 33027 37490
23.14336 58184 38
7.2323 450 101
112.0896 44632 68
0.075 37490 18067
2.2 3807 44270
19.4 2576 26001
0.1375 52376 44270
0.00765 35321 63375
0.0014391150444 21598 15108
9.8304 3807 52917
0.15 33027 20219
0.15 43978 46831
0.075 10308 18067
4.9152 20219 37490
0.048 39928 29326
0.3072 20219 37490
0.7488 39928 45120
14850.0 2071 24838
2.89292 20571 40440
2.0515E-5 58307 15417
75.075 14295 24748
4339.38 5727 38
3881.2896 15311 816
0.3 36594 46831
0.072323 8031 60309
0.96 15896 5218
0.15 22098 11895
0.6 36594 46831
2.4 33027 20219
7.2323 17749 5493
4.9152 12844 22098
1.44646 25364 4067
1.2 12844 11895
75.0 33614 49444
36.96 816 12802
0.15 36594 46831
5.8957347985 1845 46895
15.009 30578 25045
730.173008 10976 3
0.7453299927 21598 27193
72.323 38809 3
0.015 6133 11200
656.69284 10363 38
0.55 3807 44270
0.72323 25364 4067
7.2323 45989 3
1222.2587 20375 3
0.361615 25364 4067
0.3072 10308 37490
0.361615 20571 4865
7485.0 4931 14553
0.6 46831 36594
2.2 52376 44270
538.56 25372 26
2.89292 4865 20571
9.8325601 52376 44270
175.68 816 12802
0.0225 25792 40
3642.7104 10923 816
75.0 33614 48602
0.72323 25364 4067
0.3 10308 18067
0.96 15896 5218
7.892 5674 26890
0.75 33614 14553
681.769871122 450 26013
2.4576 3807 52917
19.73 15857 17975
0.6144 3807 52917
10876.8 3302 84
83200.0 495 30947
9401.99 8706 4865
0.361615 20571 40440
15.009 14037 25045
723.23 28363 31279
1.2288 11895 22098
2.1833229 52376 44270
0.00765 35321 61402
1446.46 54576 38
7232.3 8706 4865
0.0384 38573 24145
7500.0 33614 20052
1.314 19568 19569
1.2288 3807 52917
1178.325 28948 14553
1.2288 11895 22098
480.0 26410 1516
0.361615 25364 4067
2.2 1660 19227
0.4700995 50640 3
0.72323 12920 38
450.0 5093 29135
0.55 52376 44270
1.44646 20571 4865
0.6144 33027 37490
0.6 11895 22098
0.6 38308 11895
0.0096 39928 42432
4.9152 3807 52917
98.648572 1752 3
7.6734703 1845 46356
0.3072 33027 37490
72.323 28426 3
412.440147361 29975 3
723.23 22501 38
0.6 22098 11895
385.182871 32909 9924
18.57833224 18495 3
1446.46 65220 38
9.6 34808 63397
12294.91 31852 3
0.55 52376 44270
7.2323 61343 3
0.72323 37490 24664
0.72323 25364 4067
0.3 33027 20219
1501.35 7459 24748
2.25 66446 14553
9401.99 15764 38
0.72323 12377 34612
1500.0 21322 29135
1446.46 19748 40
0.4992 12802 44942
756.0 19425 42
85.536 194 25836
36.5 39482 163
300.0 33614 8124
0.15 36594 46831
2.2 3807 44270
3.399181 1845 26416
0.1536 33027 37490
105.0 4167 25183
0.6144 33027 37490
2550.0 4749 29135
513.4933 37745 38
6018.0 4865 14553
220.17797151 40563 3
279.4705366 17247 46860
922.221299998 9690 17706
0.96 15896 5218
12.154756889 3807 44270
0.6 33027 20219
1.2288 20219 37490
45.0 4266 29135
723.23 19748 38
0.72323 20571 4865
0.15 43978 36594
0.00765 35321 47410
1.1 3807 44270
325.4535 27825 70
745.98168628 1512 29975
0.72323 24664 37490
600.0 2048 29135
1500.0 33614 19987
0.3 10308 18067
1792.88717 2510 3
3.1342546187 7217 70
0.72323 53009 38
0.6 11895 22098
0.217185969 1845 39106
542.4225 51902 38
1.44646 25364 4067
1.2 36594 46831
0.6 22098 11895
0.72323 25364 4067
1.44 39928 48365
5.78584 20571 4865
1.1 3807 44270
0.55 52376 44270
144.646 52082 38
300.0 29135 64503
216.969 38007 38
0.3 43978 36594
0.15 36594 46831
150.0 60346 126
0.795553 1845 38716
300.0 33614 27798
0.00765 35321 4770
0.3072 33027 37490
53.51902 14028 3
1.44646 4865 20571
14.4646 52047 3
0.361615 25364 4067
394.6 15857 24884
1.2288 3807 52917
216.969 362 38
0.00174108999773 26661 1378
1446.46 46860 10249
0.3 43978 36594
2.2 52376 44270
216.969 52082 38
15.0 44037 5685
1.726E-5 32587 48829
15.009 14037 25045
300.0 20949 645
15.009 14037 25045
1084.845 27265 38
2.4576 3807 52917
0.15 36594 46831
1.2288 3807 52917
7.2323E8 56798 372
5.78584 20571 4865
0.72323 20571 4865
65.4884765 1432 38
110.0 289 22575
96.0 66465 3972
1290.79108523 63981 3
0.3 43978 46831
0.3072 3807 52917
0.3 46831 36594
129.12 8645 17
15.009 15530 25045
0.075 37490 18067
103.68 20019 2437
0.011 34729 9508
0.72323 25364 4067
1.5 2369 19294
1.1 3807 44270
0.72323 25364 4067
0.3 46831 36594
1323.2085 39657 14553
900.0 58663 24748
0.9408 39928 26932
96.695851 2408 3
300.0 29135 64503
1.44646 20571 40440
0.15 36594 46831
1.1 52376 44270
30.0 63163 5265
1.6128 39928 2506
113547.11 5955 3
150.0 36403 42
4.9152 3807 52917
0.96 15896 5218
1.726E-6 48829 4206
1955.85 24857 14553
1.2288 3807 52917
1920.0 743 68
0.00765 35321 32279
0.1536 10308 37490
0.72323 40440 20571
7515.0 4353 14553
3.61615 8051 3
1800.0 64016 44550
0.72323 25364 4067
11.57168 20571 4865
0.3 46831 36594
108484.5 12805 1845
1.44646 37490 24664
1026.98659277 7109 38
106.41 18658 40
600.0 33614 37942
1.1430939442 70 7217
3623.38229277 33203 38
50.613 34410 5685
0.0361615 17769 3557
1800.0 4749 29135
723.23 289 3011
944.072999998 4865 24884
0.3 22098 11895
1.95 53144 14553
0.3 10308 20219
0.0384 33027 37490
180.8075 2508 38
940.199 6134 38
3.629999989 53147 4587
0.361615 25364 4067
7092.30015 33798 42
15.18783 2421 38
68.1 53304 53
27.1561199612 400 13700
1446.46 38809 3
0.0768 39928 44557
582.0864 10240 68
26.0362727677 18020 9887
89.316 9940 5685
0.72323 34612 12377
12000.0 6744 2369
778.9728 33269 26
900.0 33812 42
0.00765 35321 15484
723.23 37753 3
12000.0 33798 2369
45.0 36920 5685
9.6E-7 6133 2608
6486.82006772 1845 20830
433.938 34615 70
489.0 29135 5093
180.8075 38371 38
224.108999998 4865 24884
0.72323 25364 4067
0.72323 20571 4865
7232.3 25183 3
295.8 58663 645
0.72323 40440 4865
5500.0 11 38085
2.4576 3807 52917
2.4576 3807 52917
2201.98583565 40563 3
21696.9 33798 3
150.0 31092 14553
4.4 52376 44270
0.004847 51802 2548
0.0651557907 1845 21778
499.494 8588 14553
0.15 36594 46831
12.41 3847 163
0.01973 27883 632
3514.970123 14839 3
22500.0 10514 2369
0.72323 20571 4865
7.2323 55862 38
0.72323 25364 4067
6.5090627677 41843 38
4.33938 63658 3
19.6608 29861 52917
115.2 529 24
1.076 52327 17
195.0 29135 5093
323.934717 6863 3
229.26391 30678 3
110.0 6871 519
670.9632 34808 8214
8466.347349 14839 3
342.666374 25183 3
0.0105597225 6133 11200
0.6144 12844 22098
0.72323 37490 24664
6121.49790645 52492 3
344.691418 10086 38
0.3 38308 11895
5727.9816 1845 40269
0.72323 25364 4067
16634.29 8706 37787
2.89292 20571 4865
0.72323 24664 37490
0.6 36594 46831
0.72323 4865 40440
7159.977 5940 38
1157.168 20375 3
3084.035 31447 141
638.353499998 36997 14553
0.6 36594 46831
7.2323 1845 17275
240.0 29135 5093
0.00765 35321 30559
13.968 39928 21850
1.1 32715 519
1446.46 2464 3
4.9152 3807 52917
7232.3 11820 3
0.03 1926 10038
0.3 28164 5685
6763.5536561 8706 4945
0.96 15896 5218
4800.0 27163 24
15.0 14968 8920
0.6 46831 36594
0.361615 25364 4067
0.0054948028968 21598 16639
134.52078 18495 3
13.95 4930 42
0.72323 40440 20571
5896.38425904 8706 4945
8.8 3807 44270
0.72323 20571 4865
0.1536 33027 37490
0.1536 18067 37490
0.6 12844 11895
0.0015 22385 6133
11.57168 40440 4865
723.23 13722 30353
870.0 29230 110
3000.0 27798 14553
9.8304 3807 52917
0.3072 12844 22098
105.0 36403 42
825.375 9690 14553
12294.91 62982 38
0.3072 3807 52917
0.72323 40440 20571
723.23 810 101
0.15255225 38308 11895
95.4 8752 5685
361.615 38406 38
723.23 38809 3
1112.80207184 29975 17
72.250677 37448 70
8.8 52376 44270
1.2288 29861 52917
4.8 33027 20219
1.2288 12844 22098
1446.46 410 3011
7232.3 8706 37084
0.55 52376 44270
0.04536 37490 20219
0.72323 25364 4067
300.3 17206 24748
0.55 52376 44270
0.72323 24664 37490
0.275 3807 44270
0.72323 25364 4067
7275.0 33614 4865
4.9152 29861 52917
15.1064999985 43890 5265
