17.6 3807 44270
0.1632 39928 8993
10.76 427 4794
12535.3116448 14839 3
0.3072 29861 52917
0.3 33027 20219
0.96 15896 5218
0.3 22098 11895
2242.013 5004 3
215.2 26436 17
527.76 36687 42
0.6 11895 22098
1.44646 20571 40440
0.72323 25364 4067
1.44646 4865 20571
542.4225 24927 3
0.1375 3807 44270
1.2 46831 36594
150.075 29135 11850
0.3 22098 11895
0.384 194 59244
1.1 52376 44270
916.89690548 52492 3
393.6 59244 194
691.552526 14839 3
0.87 36753 137
0.72323 20571 4865
1291.616457 2214 3
0.6 33027 20219
0.72323 20571 4865
11.57168 4865 40440
1.2 12377 34979
2.2 52376 44270
1194.269699 30550 38
11.57168 40440 4865
2.4 36594 46831
27.5444999985 2608 3286
11.0 4207 13466
360.902999998 58793 29135
6.5090627677 6393 3
0.6 37490 20219
12.0 57389 5685
1540.47989277 1845 5727
0.6 46831 36594
9.6 66465 3972
0.0096 39928 33381
7450.49559085 4945 38
0.72323 25364 4067
5856.0 15829 3557
1.1 3807 44270
0.6144 10308 37490
50.6261 46860 17247
1.2 36594 46831
2892.92 3636 38
506.261 8706 3636
1.1 3807 44270
1500.0 64016 44550
72.323 15233 3
0.3 43978 46831
0.72323 25364 4067
60.0 33614 752
144.646 10740 3
26036.28 37761 3
0.72323 40440 20571
1.44646 40440 4865
0.72323 34830 38
8.8 52376 44270
220.0 3011 101
361.615 19564 3
278.4 17284 110
0.72323 40440 20571
0.3 56061 65578
0.6 46831 36594
0.72323 24664 37490
1.2 12844 11895
0.00765 35321 11547
0.72323 34612 12377
0.72323 25364 4067
723.23 20375 38
1500.0 33614 56462
313.376999998 24884 40269
31.5 2244 42
10125.22 3636 38
0.72323 25364 4067
124.8 2338 68
9.8304 3807 52917
19.6608 3807 52917
421.26 49054 14553
4.9152 3807 52917
10.5 47825 5685
21.769223 53670 3
3055.212812 15539 11272
5088.0 49110 816
1.5 53066 6917
0.3 46831 36594
361.615 450 3
2.89292 12377 34612
0.6 33027 20219
0.72323 4865 20571
4664.85 3187 42
3100.0 150 433
0.15 36594 46831
1.726E-5 50641 48829
188.0398 18584 70
75.0 2369 19642
72.323 35791 38
100.0 1783 40
72.323 35076 3
578.584 1783 40
7.2323 16074 3
287.8272 816 12802
0.6144 11895 22098
4.4 52376 44270
361.615 15764 70
0.72323 4865 20571
100.801499998 41832 10514
0.72323 25364 4067
0.528 8647 101
4.4 52376 44270
2.2 26371 36
477.3318 810 70
2.2 52376 44270
4.8 33027 20219
0.72323 40440 20571
0.009158004828 21598 16474
0.361615 20407 1829
4339.38 17621 38
4.9152 29861 52917
0.55 52376 44270
1.1 17997 7456
0.6 11895 22098
0.6 36594 46831
2805.141 53927 137
216.969 10480 3
2.4576 11895 22098
9.8304 3807 52917
0.72323 4865 20571
1500.0 33614 19987
0.075 37490 18067
0.275 3807 44270
0.72323 4865 20571
0.72323 37490 24664
2.2 3807 44270
1590.0 33614 14553
48.0 816 12802
1.0 271 876
300.0 33614 4882
723.23 14028 3
20973.67 24411 3
1.44646 20571 4865
2.89292 12377 34612
4.75740694 26013 61300
7522.5 15195 14553
0.96 15896 5218
0.6 36594 46831
0.075 10308 18067
142.4835423 1845 13739
140.8 3807 44270
0.72323 25364 4067
98.2942 17047 7304
2.699208 33027 20219
180.8075 38548 3
0.3072 3807 52917
1920.0 66409 7
6.6 5774 27962
87.725 20219 101
0.3 33027 20219
0.15 38308 11895
2880.0 8255 26
0.72323 7983 38
2.4576 12844 22098
3.0145166599 26013 61300
2212.505216 23342 3
600.0 6150 29135
0.7232227677 20571 40440
3234.675 46593 14553
28.7232 39928 35554
723.23 3457 3
130.56 28953 7
0.361615 25364 4067
2070.0 33614 27798
0.55 52376 44270
0.275 52376 44270
10.84845 47638 38
1.1 3807 44270
1132.09689936 52492 3
2.2 3807 44270
1084.845 1006 38
460.8 32035 29916
35.2 52376 44270
1745.22 46593 14553
0.72323 25364 4067
0.6 22098 11895
0.3 46831 36594
0.3072 3807 52917
0.6144 3807 52917
6018.0 33203 14553
28.95 25879 5685
15.0 15857 34979
229.5 20253 42
0.15 38308 11895
0.075 10308 18067
72.323 3910 38
709.9514972 31884 7
0.075 10308 18067
0.361615 25364 4067
0.6 36594 46831
0.009637872 29861 52917
361.615 9007 38
0.6 38308 11895
0.3072 3807 52917
18.3 1459 42
0.6144 3807 52917
0.3 46831 36594
2.4 33027 20219
0.6 46831 36594
723.23 4865 38
1.2288 10308 37490
7.2323 1845 4083
1.0875117216 20219 37490
2.2272 12802 32381
0.0011 20014 3566
5.7784 15356 7590
0.72323 25364 4067
752.25 30253 14553
5.78584 20571 40440
0.361615 25364 4067
9.6 33027 20219
4.4 3807 44270
2.89292 4865 40440
12.6637573 31063 38
397.1136 8427 7
4.9152 12844 22098
7522.5 1482 14553
7.5 63207 29135
80.64 194 48256
340.835 52147 11
75.0 29135 6006
1.1 3807 44270
0.6144 33027 37490
22.3331999926 4754 4755
238.232323615 52492 3
0.72323 43155 38
0.72323 4865 20571
0.3072 33027 37490
48.0 26 12802
315.0 39215 29135
0.0384 39928 63871
0.01875 10308 18067
0.3072 33027 37490
2.4 12844 11895
0.55 3807 44270
0.072323 22417 303
0.72323 29975 3
9698.064 57500 816
0.1536 33027 37490
1459.2 25787 68
9.8304 11895 22098
0.6 12844 11895
0.15 10308 18067
2.89292 40440 20571
1.2288 10308 37490
0.275 3807 44270
32.799 65598 110
0.55 3807 44270
481.439999998 26743 14553
0.15 36594 43978
0.3 46831 36594
2.48 7164 18262
5171.0945 13019 38
8.8 52376 44270
173.019 4109 29135
1034.31 56591 42
16.878 10098 40
0.3505929 10308 18067
0.3 22098 11895
0.3 43978 36594
0.275 52376 44270
8.8 52376 44270
2.48141368383 53 450
20460.1766928 8706 37787
0.74 4754 13387
75.15 8374 5685
17.6 3807 44270
3.61615 24664 29964
45.02468365 40563 3
0.6 46831 36594
15277.392 4440 30175
0.72323 25364 4067
11.0 24090 1059
1.44646 20571 4865
4.8 38308 11895
75.0 36958 29135
0.3 46831 36594
0.55 3807 44270
0.96 15896 5218
0.0669421688 27260 3
0.361615 25364 4067
89.7792 194 47455
0.00227 289 50346
72.323 4361 3
0.3072 33027 37490
0.72323 40440 20571
0.0072323 1845 33541
150.0 36364 42
0.01875 10308 18067
318.603521075 1845 20911
1.8 2017 14553
72.323 19678 38
3869.28049277 28413 3
0.444 53832 5433
0.15 36594 46831
10002.2709 66145 3
1631.21599989 1512 29975
0.72323 25364 4067
286.543726 19684 3
0.6144 3807 52917
1565.3088 20599 68
30.0 33614 4492
9.6 66465 3972
1.1 3807 44270
0.72323 4865 20571
1650.13683539 8706 29975
30.3 32276 29135
354.3827 9241 38
124.9765 1783 40
98.85 38183 14553
1301.814 12331 38
723.23 70 6404
2.4576 3807 52917
0.048 4440 1212
0.72323 25364 4067
0.072323 25364 4067
2.89292 20571 40440
0.361615 25364 4067
3880.5984 37512 68
0.288 8923 24
300.0 29135 64503
1446.46 22671 38
0.96 15896 5218
0.15 36594 46831
225.675 34778 14553
10.6848 12802 30117
0.5 3325 46548
0.55 3807 44270
4.8 12844 11895
5315.595854 1845 10240
361.615 9996 70
30.0 10928 210
0.72323 25364 4067
1520.25 58663 29135
0.6 36594 46831
0.15 46831 43978
0.55 3807 44270
0.0768 33027 37490
7955.53 37787 3
1234.55361 55847 38
0.3 43978 46831
13436.007 2217 6744
0.6 22098 11895
4.9152 11895 22098
0.3072 20219 37490
4.8 816 12802
0.72323 25364 4067
10.84845 12945 400
1.44646 25364 4067
0.3 22098 11895
6451.296 19207 14553
3376.7904 4331 68
1.93612 400 3541
0.1046952 7079 1744
1446.46 410 25183
110.0 5774 1123
1446.46 11674 38
2.4 36594 43978
0.6 36594 43978
672.552630225 52492 3
0.72323 410 7582
0.4773318 33692 3
361.615 32562 38
0.3 36594 46831
11.57168 12377 34612
1084.772677 26917 70
0.0768 33027 37490
2.4576 12844 22098
0.72323 37490 24664
76.8 59973 816
2.4 22098 11895
723.23 3636 3
220.0 48829 4206
0.0864 39928 37328
3003.0 2048 17706
2762.2262711 52492 3
1.5 19594 23542
35.2 52376 44270
19.6608 33027 37490
2530.075509 27649 3
2.2 3807 44270
199.68 19961 68
4959.0 7069 110
0.3 36594 46831
0.001 16423 19569
0.6144 11895 22098
750.0 15857 38406
2.5728 39928 58709
5062.61 4980 38
0.073 2171 163
2.4576 3807 52917
15.0899999985 16684 43890
45.0 64512 29135
72.323 9027 38
0.1375 3807 44270
666.245995778 7399 874
188.76303 810 70
7674.55513777 40599 38
0.361615 25364 4067
0.00765 35321 26889
2.2 20938 11
2.4 38308 11895
0.72323 25364 4067
4689.78492777 1845 37787
300.0 29135 64503
1.65 9934 14553
0.3072 33027 37490
4.8 33027 20219
0.795553 3273 38
150.0 33614 27798
11.1 29952 42
0.1076 30454 17
8.7 682 110
7500.0 4288 29135
0.6 46831 36594
0.4608 194 18909
0.361615 25364 4067
0.1375 3807 44270
2.2 3807 44270
0.72323 4865 20571
75.0375 29135 41884
661.979999998 18960 14553
750.0 8 29135
0.3072 3807 52917
1.1 52376 44270
0.3 36594 46831
1.44646 4865 20571
0.048 27842 23334
0.00765 35321 47179
0.6 22098 11895
0.6144 3807 52917
1.2 36594 46831
0.0192 39928 47564
135.405 63071 14553
0.72323 40440 20571
750.0 58663 24748
0.72323 20571 4865
900.0 64016 44550
1.463794 7079 26331
4.9152 3807 52917
0.0011 20014 3566
1157.168 410 25183
709.7265 40658 10514
1446.46 410 37027
0.3 46831 36594
130.786723892 27355 17
906.207182768 13233 3
19.6608 3807 52917
48.47 45727 8586
1333.19431387 12029 13840
1500.0 64016 44550
0.72323 25364 4067
650.907 25061 3
0.3072 3807 52917
0.15 37490 18067
0.0375 10308 18067
931.008251018 25450 3
1208.661976 39657 3
38.5 14143 38
0.0253058177 9888 9887
2.4235 24 14528
0.72323 20571 4865
0.002289501207 21598 14111
48000.0 7 34808
4.9152 29861 52917
0.00765 35321 25508
0.361615 25364 4067
1.44646 25364 4067
0.096 39928 46722
10.286 10197 14605
0.96 15896 5218
4.4 52376 44270
0.72323 25364 4067
72.323 971 38
1.1 3807 44270
20.05299821 5181 38
3.405E-4 45678 14081
0.3 36594 46831
450.45 40269 24748
1960.69364885 52492 3
0.96 15896 5218
0.3 36594 43978
