45.0 33614 3636
0.6 12844 11895
0.1973 29741 632
460.4402 29322 163
1149.9357 11733 101
61.5 25271 14553
7500.0 33798 2369
4785.0 15095 110
2825.52229755 52492 3
412.2411 5630 38
15.0 30164 13960
0.6 46831 36594
9.8304 3807 52917
93.8699999985 35515 645
1.0 271 876
0.361615 25364 4067
0.3946 1061 632
2.4576 3807 52917
0.2688 39928 25987
184.42365 8886 3
0.0439593 3807 44270
0.072323 60309 6779
16.0236018203 28388 38
62.19778 37745 38
0.3072 11895 22098
0.72323 4865 20571
0.0021586725666 21598 20724
216969.0 3 8706
1481.82162932 52492 3
2844.1248 10716 68
0.275 3807 44270
144.646 51859 3
285.097266 6544 3
0.96 15896 5218
1500.0 33614 14856
0.72323 25364 4067
1.319999989 1060 24090
15.0 381 20052
0.72323 4865 20571
1.0 271 876
5.6046998142 410 4002
98.9 10098 40
0.3 36594 46831
0.075 10308 18067
0.275 52376 44270
1.44646 4865 40440
19.6608 3807 52917
2169.69 5727 3
46.7712 194 18909
0.3 38308 11895
6.596 18584 70
300.0 29135 2511
0.275 52376 44270
0.3 43978 46831
3.254535 25061 38
0.6 11895 22098
5.78584 40440 4865
9.6 66465 3972
4.7804490478 410 15570
1920.0 26450 7
0.075 10308 18067
144.646 54209 38
0.87 37723 98
1500.0 33614 19987
0.3072 18067 37490
7.2323 1845 1931
1157.168 1783 40
250.5 49329 14553
19.6608 33027 37490
1301.814 2160 38
11.0 3011 3
0.15 36594 43978
1.2 22098 11895
1.2288 11895 22098
0.6 38308 11895
0.3 36594 46831
0.87 98 37723
723.23 40269 33463
56.122648 1845 19315
150.449999999 32769 10514
7522.5 48146 14553
21611.508895 16542 7
79.5553 289 810
253.1305 27732 38
130.56 28953 7
0.72323 25364 4067
131.92 53494 62130
2.4235 26424 47830
0.15 12844 11895
556.814777 1845 5727
36.1615 64795 3
235.8525353 26378 38
0.72323 25364 4067
1.95 18423 29135
1.304472 1607 23910
108.4845 16221 3
4.4 52376 44270
1446.46 1010 38
0.6144 29861 52917
1993.366526 16192 3
0.6144 3807 52917
4.9152 3807 52917
0.0768 20219 37490
0.55 3807 44270
144.646 10740 3
0.6 10308 18067
1201.5 22098 14553
789.258 10352 645
0.12861428 1512 31622
0.6 22098 11895
3760.796 2050 3
7.2323 1845 17275
723.23 1917 38
462.086410932 262 9526
2.2 52376 44270
1500.0 29135 570
0.275 52376 44270
3.190341 28958 5536
3616.15 19569 19568
783.4752 5296 68
675.0 59282 29135
0.72323 25364 4067
746.803168357 4490 38
0.00765 35321 31841
0.72323 25364 4067
0.3 34612 34979
0.72323 1833 38
1.2 22098 11895
2666.52777597 8706 29975
7.2323 1845 17275
2632.5572 410 1931
1.44646 20571 40440
0.02314336 1845 13019
0.3 38308 11895
135.0 5617 42
0.6 46831 36594
1350.0 2369 35441
0.72323 37490 24664
0.361615 25364 4067
4849.5744 50094 26
0.15 22098 11895
3240.0704 23342 400
8.8 3807 44270
723.23 1712 38
150.3 14000 24748
291.7632 34808 51908
0.1020332884 7217 70
1.1 19227 1660
0.6 46831 36594
3705.0 4865 24884
8.8 3807 44270
1500.0 4749 29135
1.2288 12844 22098
1.05 6133 350
0.185 31703 9302
4.9152 3807 52917
0.1375 3807 44270
5062.61 16365 3
25.601287 25920 53
62.5 1783 40
0.15 33027 20219
1900.937732 62109 3
19.6608 11895 22098
151.5 26150 14553
17.6 3807 44270
0.0375 37490 18067
75.0 1409 5685
14.784 39928 23725
1.1 289 7894
0.6 11895 22098
9.6 33027 20219
439.78 289 15764
0.0011 20014 3566
1049.28 19172 68
4.4 52376 44270
22.0608 39928 37842
0.275 52376 44270
72.323 9446 38
9.8438367 37490 20219
67.405036 59409 3
21696.9 37787 3
0.72323 4865 20571
0.1375 52376 44270
0.96 15896 5218
0.15 36594 43978
0.6 38308 11895
4.9152 3807 52917
0.6 36594 46831
90.0 33614 33654
1.2288 33027 37490
1500.0 36655 29135
8.8 52376 44270
0.3 38308 11895
0.05 19568 16423
5.5 47605 10297
3.5808 39928 35758
0.6 46831 36594
4.4 3807 44270
2.4 33027 20219
4.9152 29861 52917
2.4576 11895 22098
15.0 64016 44550
15.0 3587 6770
289.002708 5307 633
196.71856 36134 3
2.89292 20571 4865
1554.94449277 8706 2337
2.89292 4865 20571
0.72323 43155 38
136.69047 4100 3
0.00765 35321 3329
0.0375 10308 18067
7.087654 1535 38
2531.305 8662 38
0.45 2054 170
0.00765 35321 21382
300.0 29135 38406
55.35240805 1845 31222
6991.70523836 4945 38
9.865 5674 31285
1865.9334 36612 3
1.2 22098 11895
15.0 29135 5611
1401.04681166 1845 9690
723.23 810 101
0.0192 39928 43240
91.2 58543 7
0.0192 39928 42764
0.261738 28741 60394
847.955345648 40563 3
992.560852 13751 633
0.0635238 10308 18067
0.3 36594 46831
225.0 15005 645
1.2 33027 20219
10760.0 57735 64216
0.3072 3807 52917
1052.631 38406 29135
9.8304 3807 52917
2252.25 10928 14553
318.2212 57932 3
9.60096 3807 52917
2.2 3807 44270
9.6 66465 3972
2208.0 33284 24
0.3 46831 36594
723.23 21304 3
1.8 31114 14553
0.3072 3807 52917
1.726E-4 50641 48829
0.72323 20571 4865
95.4 8752 5685
1.2 38308 11895
2.4576 11895 22098
1200.0 25452 29135
150.0 33614 38406
150.45 37648 14553
1467.0624 63810 7
7232.3 1464 3
1.05 49305 14553
0.72323 20571 4865
0.72323 25364 4067
0.3 12377 34979
3.3 26371 36
0.72323 39106 38
0.04315 58307 15417
1.44646 40440 20571
0.0375 10308 18067
0.6 37490 20219
0.72323 4865 20571
4.5 9519 17980
0.55 3807 44270
28.9292 65336 3
0.72323 3325 7758
1500.0 64016 44550
14464.6 12805 1845
0.72323 25364 4067
843.28618 15946 3
15.0 8526 5685
1.1 52376 44270
15.0899999985 5265 43890
1.44646 4865 20571
0.8678687677 3929 38
1.5 271 876
0.3 40161 42
8.8 3807 44270
0.075 10308 18067
110.0 32587 48829
1.44646 20571 4865
7.2323 1845 17275
2.4576 10308 37490
3.026582 26013 13700
0.00765 35321 15879
550.0 33876 28062
2208.0 11627 816
7515.0 4353 14553
0.72323 40440 20571
14464.6 15764 38
1503.0 38678 14553
723.23 28501 400
88.5 16359 42
72.323 21451 38
11.0976 39928 51864
2.89292 4865 20571
1157.168 25450 3
592.0216134 434 435
0.3 46831 36594
450.45 4785 14553
0.3 36594 43978
180.8075 289 450
1017.68228944 19250 3
2.2 3807 44270
202.56 22977 68
0.6 33027 20219
0.0288 39928 58131
369.895499998 6193 10514
5.78584 40440 4865
0.361615 25364 4067
0.011 34729 9508
0.6 36594 46831
723.23 24814 38
0.1250526 7079 63818
0.011 34729 9508
250.309903 1883 101
139.0176 47248 7
433.938 22737 38
1.2288 33027 37490
723.23 5727 38
4.9152 3807 52917
7232.3 10363 38
7.2323 61472 38
19200.0 66864 194
723.23 14839 3
4.9152 3807 52917
1.65 57216 14553
668.97296884 29975 17
2.89292 12377 34612
1354.05 9007 14553
0.96 66465 3972
0.1375 3807 44270
2.2 3807 44270
2169.69 17881 3
8.88 39046 36594
2.2 1660 19227
0.3688473 1845 41462
1500.0 4298 29135
1.2288 3807 52917
0.361615 25364 4067
5424.225 25450 3
2.2 52376 44270
1084.845 1845 3636
0.3072 10308 37490
1.0 271 876
0.72323 4865 40440
0.72323 25364 4067
15680.3904 28792 68
1.44646 34612 12377
4.9152 3807 52917
2.89292 4865 20571
1.2 38308 11895
0.72323 25364 4067
1.2 22098 11895
2169.69 14190 3
10848.45 1464 3
484.95 28803 13739
0.3 36594 46831
1250.536993 810 3
97.202112 9532 38
72.323 14028 101
2.4576 3807 52917
5785.84 3636 3
300.0 29135 64503
0.72323 4865 20571
216.969 27101 3
0.3 34612 34979
2.4 33027 20219
15.3 43271 14553
2.4576 11895 22098
2405.184 16091 84
5.78584 12285 38
1.2288 3807 52917
31.4688 39928 60375
723.23 41038 38
5062.61 19748 38
11.57168 20571 40440
0.1375 52376 44270
1503.0 38678 24748
0.3 11895 22098
18.3 35493 14553
11.568326603 14479 29871
2836.7424 33185 7
57.6 47581 816
1442.916173 4801 38
433.938 12767 38
2892.92 37787 3
2.89292 20571 4865
0.0768 33027 37490
5416.9927 27096 3
0.55 52376 44270
17.574489 8915 633
323.7 39657 29135
22.5 62225 5685
1.2511879 1845 44596
3688.47299277 11733 3
11.57168 20571 40440
0.275 3807 44270
488.07 61964 110
0.00765 35321 20976
32.28 29975 17
0.361615 25364 4067
0.048 68 42643
11.065419 38724 3
450.0 33614 3835
4.9152 3807 52917
21696.9 12805 1845
23784.8545232 64044 38
2298.6144 15703 24
1.2288 12844 22098
45.0 22613 21313
117.0 9045 645
1454.00144685 1512 29975
10.6185 49004 5685
0.72323 25364 4067
0.72323 20571 4865
0.72323 25364 4067
3.531188E-4 9895 400
1.2288 3807 52917
0.1375 3807 44270
0.6144 33027 37490
2.736 39928 45101
5.858163 10169 3
900.0 50639 29135
211.90639 18495 3
0.6 12377 34979
0.6 36594 46831
1.44646 20571 40440
864.0 27459 26
216.969 410 2895
5000.0 40 3325
1.2288 29861 52917
750.0 36802 11820
0.72323 20571 4865
9.8304 3807 52917
274.8274 19748 38
1.1 52376 44270
1.44646 4865 20571
12294.91 4288 3
2169.69 30636 3
840.0 5635 29135
0.72323 25364 4067
5763.5136 26227 7
0.2496 39928 17654
150.0 12009 24748
391.2 8886 816
30.0 33614 15845
600.0 33614 33076
0.075 37490 18067
3.9264 39928 51776
0.011 34729 18575
0.72323 1240 38
0.96 15896 5218
8678.76 8229 3
0.96 15896 5218
723.23 410 810
4.8 33027 20219
361.615 410 1464
0.3 43978 36594
0.3 43978 46831
5785.84 4650 38
1.076 33582 17
55.254772 30607 38
1828.64952 47961 98
0.6 22098 11895
1516.32 53514 816
0.6 46831 36594
1.44646 25364 4067
0.6144 29861 52917
21021.0 53532 14553
7.2323 4722 38
361.615 15225 38
2.2 52376 44270
1.2288 3807 52917
0.00765 35321 37020
192.0 31970 645
0.72323 4865 20571
0.0768 20219 37490
0.6 46831 36594
0.15 48685 21000
0.6 37490 18067
4.4 3807 44270
4.8 46831 36594
0.72323 24664 37490
0.3 46831 36594
0.15 36594 46831
300.0 29135 64503
175.0 1783 40
0.6 36594 46831
2.4576 12844 22098
0.6 11895 22098
