0.0057641431 47961 3
0.55 3807 44270
2.4576 11895 22098
0.6144 33027 37490
782.34 2458 14553
1146.31955 15759 38
32.86067828 40563 3
45.3 10605 10514
0.370924 60392 163
289.292 38406 38
15.0 33614 57933
269.55 56824 29135
0.3 43978 46831
11520.0 27459 26
0.6 11895 22098
2.2 3807 44270
1.95 34541 29135
0.0192 33027 37490
0.3072 12844 22098
0.2688 194 26715
15.3 43502 14553
240.83559 14028 38
150.0 64016 44550
361.615 410 810
0.6 46831 36594
0.72323 25364 4067
9.6 61156 68
1.44646 20571 4865
0.03928788 29698 53
3009.0 4865 14553
9698.064 57500 816
480.0 26410 1516
723.23 8886 3
0.96 15896 5218
0.00227 201 43513
1.2288 3807 52917
106.259999989 20219 101
0.3072 3807 52917
5062.61 9094 3
0.361615 40440 4865
3061.35452455 49086 101
1553.28 1264 26
155.407901066 52492 3
0.275 52376 44270
0.55 52376 44270
1.2 22098 11895
0.3072 11895 22098
652.8 46058 68
6247.68984682 52492 3
0.1536 33027 37490
17.6 3807 44270
0.72323 25364 4067
7.2323 11733 3
345.0 33614 22484
30.0 15857 18067
588.3 11978 14553
0.1375 52376 44270
0.3072 3807 52917
0.15 36594 46831
13.44 45283 68
9.6 816 26
0.256608 52474 35385
225.45 28038 6744
1435.4784 37655 7
216.969 70 810
0.55 2668 3
0.15 30416 30415
1200.0 14000 14553
1.2 46831 36594
3521.2815 35897 110
95.5008 4440 58527
5.424225 55056 3
7.2323 1845 17275
361.615 70 810
0.72323 25364 4067
5.78584 40440 4865
1446.46 856 400
1.2 22098 11895
0.3 36594 46831
4.9152 3807 52917
0.3072 12844 22098
2.9001450677 1845 30284
0.072323 19158 3
7.5 61110 5685
0.6 37490 18067
450.0 33614 14595
285.12 816 59294
192.0 14056 816
0.1375 52376 44270
0.1375 3807 44270
0.1375 3807 44270
0.144646 25364 4067
2.2 52376 44270
0.0072323 1845 1525
2.2 3807 44270
0.00765 35321 39502
65.166298989 52376 44270
0.72323 25364 4067
0.144 39928 7
1.2 46831 36594
150.0 18684 10514
7615.05 15857 24884
11.1 35678 5685
0.3 46831 36594
1.8 27620 14553
3.456983189 52376 44270
2.4 38308 11895
0.3072 194 23601
0.6144 3807 52917
57.8584 45617 38
2509.72691946 52492 3
0.072323 6484 3
750.0 33614 22484
0.0375 37490 18067
0.72323 25364 4067
2.4576 12844 22098
0.55 3807 44270
0.72323 37490 24664
60.0 33614 12910
2.4 38308 11895
0.001973 440 5
0.171583799952 7079 50787
0.72323 25364 4067
572.4 7973 645
0.72323 25364 4067
123.1692 810 3
0.66681806 1845 42608
578.584 14028 38
1820.36990277 1843 633
10.8096 20219 37490
5.78584 20571 40440
15.0 12340 5265
1.2288 3807 52917
36.1615 14358 563
450.0 33614 33176
0.3 36594 46831
750.0 4205 42
150.0 51909 42
9.8304 3807 52917
0.00765 35321 30015
337.541342019 52492 3
3.0 45992 14553
1135.4711 15610 3
9984.0 45607 816
31.8293523 1845 30386
12.0704999985 30337 1074
31.0 58934 36078
0.3 46831 36594
7229.6224362 52492 3
0.011166894 14992 29315
8.4 63267 42
1200.0 4298 29135
132.5088 1057 68
1012.52199277 15764 3
0.6 12844 11895
0.72323 20571 40440
5.5 27222 11
5.2724 18564 17
5625.6 6762 24
7.468992E-4 33027 37490
0.3 43978 36594
0.05 7319 40
1840.548027 17049 3
787.597462768 24884 33463
3.5808 12802 30117
998.057392768 810 3
1.1 3807 44270
1.2 38308 11895
342.1248 27796 68
2.4576 3807 52917
578.584 410 810
0.72323 40440 4865
2.89292 34612 12377
0.3072 20219 37490
1.44646 20571 4865
723.23 21582 3
1.1 7456 36
7.2323 1845 17275
1132.8 4851 41520
660.0 50367 29135
1084.845 23342 400
1084.772677 26917 70
0.15 36594 43978
506.261 810 3
0.15 36594 46831
396.6336 28381 7
0.0011 20014 3566
0.6144 10308 37490
4.5 9519 12315
240.0 26 11249
5.78584 40440 4865
0.0072323 1845 48691
7232.3 24411 3
2.4576 29861 52917
0.96 19775 6429
101.2522 32247 38
7.2323 1845 17275
1076.0 57735 63599
0.1375 52376 44270
2895.81291277 33203 38
5062.61 5727 38
95.5008 4440 64924
0.72323 4865 20571
750.0 64016 44550
7.2323 66628 38
1619.2128 63264 14778
0.72323 25364 4067
75.525 2576 10514
0.72323 25364 4067
0.361615 4865 20571
4.8 22098 11895
0.15 22098 11895
0.0439604 3807 44270
114.27034 18495 3
4.8 33027 20219
0.0672 39928 17227
13.8624 39928 14099
11.57168 20571 40440
2.89292 20571 40440
0.00765 35321 59512
1.44646 4865 20571
4.8 38308 11895
0.3 36594 46831
0.1375 3807 44270
0.6144 33027 37490
3319.62569277 58663 38
0.361615 25364 4067
0.72323 20571 40440
0.275 52376 44270
0.3 46831 36594
2250.0 33614 26970
1.44646 20571 40440
1053.15 30109 14553
0.075 10308 18067
4.8 33027 20219
286.9632 34808 32300
7232.3 37027 3
0.1375 3807 44270
2.89292 40440 20571
0.1536 10308 37490
5.5 27222 11
95.904 4440 20398
1050.0 20494 29135
144.646 28771 38
1.4983605215 10308 37490
0.1536 33027 37490
1.2288 11895 22098
5.5 27222 11
723.23 11272 7399
0.6144 10308 37490
1786.3781 2160 38
1050.0 971 29135
1.2 12844 11895
1.44646 20571 40440
1481.82162932 52492 3
0.0192 33027 37490
0.3072 12844 22098
4.8 36594 46831
3273.33897277 15263 38
7.2323 52789 7493
0.72323 25364 4067
5.1306876399 1553 3
0.361615 40440 20571
288.2867103 1845 35549
0.0288 12802 39864
0.072323 25364 4067
1.05 53260 14553
3.623743915 26867 101
582.055504 16893 38
940.199 10186 38
0.361615 20571 40440
2091.12864222 14714 3
36161.5 14910 3
2097.36699277 8662 38
11.3428717249 1845 9435
1.1 52376 44270
150.0 29135 28053
0.6144 12844 22098
38.939999989 1853 11
0.6 37490 20219
35.2 3807 44270
433.938 17084 3
580.464398 4945 38
14.4646 28949 38
7.95553 38724 400
0.7104 39928 57297
30.0 63163 5265
10.76 29975 17
0.0672 194 43188
315.0 10012 13
2576.651521 14839 3
8700.0 11032 110
4.9152 3807 52917
1.2 33027 20219
4.9152 11895 22098
150.0 48588 42
1135.4711 1845 15764
0.682816 289 11979
5785.84 15764 38
0.1536 20219 37490
0.275 3807 44270
450.0 48260 29135
1500.0 4298 29135
17.6 3807 44270
4173.03709277 39639 14007
0.361615 25364 4067
341.3573277 15764 3
0.72323 20571 4865
0.15 37490 18067
2.2 52376 44270
723.23 14028 3
1061.1 38678 29135
0.0192 33027 37490
0.00765 35321 30498
1.2 38308 11895
72.323 20375 38
75.0 29135 3001
14549.6352 26851 816
18.5 4754 47
8.8 3807 44270
2.4576 3807 52917
0.99140835 33027 20219
1200.0 28425 29135
0.096 39928 17654
9.8304 3807 52917
15.0 59375 5685
3.65 26013 61300
900.0 50367 29135
0.3072 3807 52917
1.1 27222 11
7.849718424E-4 21598 2088
0.72323 4865 20571
216.969 29029 53
361.615 9322 38
0.096 39928 54061
0.96 15896 5218
6925.2 9511 9733
373.548287768 30868 70
3.5514 15764 632
13.0181327677 46860 495
0.03 17464 1116
144.646 11733 3
28.20597 6085 400
176.3136 38404 7
17.6 3807 44270
2.8106527487 3807 52917
0.011 34729 18575
1177.284 137 37723
0.55 52376 44270
0.361615 25364 4067
7.5 25183 6900
2.4576 10308 37490
0.96 15896 5218
38.8 26001 495
41.585725 26395 38
61.47455 9965 101
2892.92 15764 3
0.15 22098 11895
30.737275 1652 38
3007.65 58663 29135
22.2 5433 13054
360.893209228 58606 3
1.3728 39928 59359
2.4576 3807 52917
15.0 33614 18513
0.0375 10308 18067
4.4 52376 44270
196.4394 53 61222
4511.25 33203 6744
0.15 46831 36594
1918.9632 34808 38015
0.3 12377 34979
261.49610141 40563 3
0.3 36594 46831
0.117132 53 26663
0.1536 33027 37490
0.0466796 3807 44270
0.275 3807 44270
3616.15 1845 11272
324.384 42722 194
0.05919 28958 17206
0.96 15896 5218
1.2 36594 46831
0.72323 40440 20571
3297.8655 40269 4865
691.016999998 13431 14553
0.6624 12802 44942
1.2672 12802 11249
2.2 3807 44270
0.00765 35321 13684
2.4576 12844 22098
30.036 30578 59221
1534.5 7973 645
0.72323 25364 4067
960.0 26410 1516
159.1106 32831 38
2.4576 3807 52917
0.72323 20571 4865
2.89292 40440 4865
1084.845 289 20219
0.15 36594 46831
1323.96 10779 14553
0.55 52376 44270
0.275 3807 44270
7232.3 27571 3
2.89292 4865 40440
5.5 27222 11
2080.0 495 15292
1.44646 20571 4865
0.6 34612 34979
13741.37 47666 400
9277.44978677 14839 3
1.5 29135 41712
4.773318 24505 400
0.0411995 7079 52555
0.72323 40440 20571
0.6 22098 11895
30000.0 14553 15857
0.6 37490 18067
723.23 2536 33463
0.0384 33027 37490
0.361615 25364 4067
0.55 3807 44270
2.4 36594 46831
1.5264 39928 37380
2.4576 3807 52917
0.3072 3807 52917
1.1 3807 44270
0.15 6133 3287
0.72323 25364 4067
6976.13697491 52492 3
0.6 33027 20219
38.8 2576 26001
0.6144 33027 37490
0.0011 20014 3566
0.72323 25364 4067
0.15 46831 36594
422.344999989 15764 101
13.6032 39928 45314
4.4 52376 44270
19.6608 3807 52917
0.075 33027 20219
0.72323 25364 4067
1920.0 41465 68
2.2 52376 44270
0.72323 25364 4067
0.72323 20571 40440
0.3 34612 34979
4.9152 3807 52917
0.15 33027 20219
2.4576 11895 22098
1.92E-4 47961 68
0.01875 10308 18067
1800.0 4749 29135
0.72323 24664 37490
72.323 62285 3
0.72323 30096 3
0.6144 12844 22098
2.2 3807 44270
737.6946 14028 3
38.4726 4754 47
0.00765 35321 7055
1.1 52376 44270
318.2212 2216 3
0.3 46831 36594
723.23 14028 3
4313.416043 46068 3
2.4576 12844 22098
0.00765 35321 49455
4752.0 816 1305
61.5 22009 14553
1.44646 20571 4865
224.2013 6134 38
195.2721 32247 38
0.0672 12802 24304
1.05 20439 14553
0.87 9511 11032
3.61615 34631 3
4.9152 3807 52917
0.3 36594 46831
0.0011 20014 3566
0.15 36594 46831
0.072323 11432 3
0.15 43978 36594
3423.69784609 52492 3
0.0768 33027 37490
0.6 46831 36594
1.726E-6 55400 48829
5187.5136 64514 7
5990.4 17969 68
0.3 36594 46831
289.292 3918 38
0.96 15896 5218
8.8 52376 44270
2.89292 20571 4865
16.63429 8706 37787
0.72323 25364 4067
0.3 43978 46831
6.0 18432 14553
