0.0375 10308 18067
0.361615 4865 40440
0.3072 11895 22098
2.4 37490 20219
0.15 12377 36789
1446.46 15857 33463
80.64 194 40238
1.880398 8330 70
2.2 52376 44270
17.6 3807 44270
35.582916 1845 64995
0.8968052 18401 3
0.72323 60309 6779
0.275 3807 44270
0.144646 7217 70
0.72323 25364 4067
154.04799 7581 3
154.04799 18495 3
4844.16 60737 7
0.3 43978 46831
7.95553 10963 38
2042.04 7973 24748
1.2288 12844 22098
7.2323 64531 3
36.1615 70 4865
0.3 22098 11895
8.8 3807 44270
15.0 25885 57225
0.96 15896 5218
2.4576 12844 22098
0.72323 25364 4067
0.72323 25364 4067
0.96 15896 5218
0.361615 40440 20571
0.72323 4865 20571
723.23 14028 38
225.625127724 28803 13840
0.96 15896 5218
1.8 1953 14553
1.726E-5 48829 4206
2386.65899277 19748 38
0.77 450 3
0.3 46831 36594
7.5 35064 42
2.47838835 33027 20219
2.4576 33027 37490
71.8272330673 1845 4047
0.15 43978 36594
0.09 43890 11936
1.44 816 12802
0.72323 4865 20571
1.05 53624 29135
1.16946291 64475 3
4455.61607914 4945 38
1504.5 9690 14553
2.2 3807 44270
9.8304 3807 52917
0.72323 25364 4067
6.2 1253 7164
441.1703 20375 3
2321.80753725 29975 3
166.5 1103 28803
478.9632 34808 23610
0.1375 3807 44270
0.1375 52376 44270
1498.5 64016 44550
0.361615 20571 40440
1.2381480631 70 7217
0.0672 39928 48224
2.4576 11895 22098
756.45 9007 29135
0.6 11895 22098
0.08389468 1845 12067
2.4576 11895 22098
9401.99 23342 36362
0.72323 1845 3918
478.9632 34808 42963
1500.0 4298 29135
15.009 30578 25045
2.4576 11895 22098
1425.0 33614 52691
4520.1875 23653 3
0.72323 20571 4865
1500.0 59282 29135
4.9152 12844 22098
216.969 2035 3
60.0 33600 14553
1.164 31525 400
0.04185 9932 11207
0.72323 25364 4067
0.96 15896 5218
0.15 33027 20219
1317.797383 13126 3
8.8 52376 44270
0.55 52376 44270
4.8 33027 20219
0.031834665504 33027 37490
3891.26668477 11605 38
0.072323 24967 19
0.048 39928 3974
19.6608 3807 52917
0.15 36594 43978
6222.67091277 41853 3
2.4576 11895 22098
0.00765 35321 12437
96.0 10716 68
7.5 33614 25181
1.8 63219 29135
0.15 37490 20219
1650.0 36655 29135
0.709883819232 14479 29871
1.2 46831 36594
361.615 15764 3
780.365162768 21245 3
4107.94639277 2050 3
0.96 19775 6429
0.72323 25364 4067
1446.46 856 400
0.6 22098 11895
4.9152 20219 37490
1.0 271 876
0.3 38308 11895
72.323 9415 3
2.4576 29861 52917
1800.0 36655 29135
4.4 52376 44270
1.2288 29861 52917
0.00765 35321 4317
1500.0 5093 29135
0.275 52376 44270
1.2288 12844 22098
0.55 52376 44270
1446.46 14028 38
5062.61 38809 3
864.0 50056 24
0.3 12377 34979
1341.7575 98 37723
87.696 194 14577
0.72323 4865 20571
3.859E-4 8881 375
1.2288 3807 52917
12.1 26161 11
5.78584 34612 12377
393.0 13852 5685
1898.01230281 52492 3
3.0 6867 22805
48000.0 7 34808
0.15 37490 18067
2.4576 3807 52917
13.0181327677 38191 3
0.361615 25364 4067
1.1 52376 44270
0.3072 29861 52917
4975.82239277 8706 25183
0.275 52376 44270
2792.214 40269 24884
1.5 29135 37937
7.5 619 5685
7.5 33614 18513
73.5 52689 42
7233.02322277 57057 38
1.1 27222 11
144646.0 12805 1845
4.8 12844 11895
0.275 52376 44270
1764.68119277 410 1931
144.646 1981 3
1276.8 17480 816
11.57168 4865 40440
10559.904 4440 1137
9.504 4440 19647
0.72323 25364 4067
0.001726 13466 4206
212.8992 6121 194
0.00765 35321 62831
5397.43614856 52492 3
0.361615 25364 4067
453.46521 410 810
0.55 3807 44270
1.2288 3807 52917
20.8649999985 55227 42
3600.0 665 14553
2212.9897801 14714 3
682.0992 6650 15020
0.72323 25364 4067
11.9424 39928 55709
1.1 52376 44270
0.15 43978 36594
1050.0 33614 6404
17.6 52376 44270
3750.0 26970 5093
0.72323 4865 20571
9.6 38308 11895
39.3216 3807 52917
0.6816 39928 66898
5.5 27222 11
540.0 33614 38406
3.61615 3141 3
0.0096 57996 68
0.72323 25364 4067
0.72323 4865 40440
1289.472 8002 24
0.275 52376 44270
902.7 9007 14553
816.06 42569 110
2787.8865 4865 24884
0.83822357 44530 3
8.8 52376 44270
0.96 19775 6429
1.973 39482 163
10.414512 27213 3
0.361615 25364 4067
0.6144 33027 37490
4.9152 3807 52917
672.0 26723 957
0.6 22098 11895
86.06437 47696 38
1.2679999995 10393 40
0.00765 35321 3857
3865.584 22671 68
1674.96 14330 14553
4.9152 3807 52917
0.55 52376 44270
0.6144 12844 22098
4.5 9519 11261
0.08389468 1845 12067
0.15 36594 46831
1954.95 38678 29135
7232.3 15764 3
0.1375 52376 44270
5.78584 20571 4865
0.015 29135 13
0.288 39928 50101
2.2 3807 44270
0.6144 11895 22098
0.0375 10308 18067
578.584 10579 3
5785.84 5727 38
0.6144 33027 37490
0.72323 25364 4067
1.1 52376 44270
2484.945957 14839 3
289.292 17065 38
0.72323 25364 4067
0.3 43978 36594
0.72323 4865 20571
9.8304 29861 52917
6432.0 1095 816
8.8 52376 44270
0.075 37490 18067
3579.9885 15764 38
1.44646 4865 20571
1.2 46831 36594
658.314 116 10514
0.0375 37490 18067
216.969 59381 101
1084.845 20219 24884
0.72323 24664 37490
7.2323 1845 17275
0.15 22098 11895
0.72323 4865 20571
0.3072 12844 22098
0.6 36594 46831
800.276858998 4111 10514
34.934773489 3807 44270
0.0384 33027 37490
0.00765 35321 27754
1504.5 42498 14553
10125.22 19748 38
7.2323 1845 17275
1.44646 20571 40440
4.4 52376 44270
0.72323 25364 4067
1.44646 12377 34612
10848.45 12805 1845
0.6 46831 36594
2.522 38724 400
450.0 9094 25183
1.1 26478 28009
1.23648 23503 23132
722.145155 14028 3
4.773999989 38085 64420
2.3721944 53497 3
1.0978 9508 34729
13351.776 37782 7
15.4 32587 48829
0.6 10308 18067
0.0576793 7079 2271
1.2288 12844 22098
0.075 10308 18067
267.5951 8886 3
0.00227 50346 101
225.0 2903 645
8968.052 43276 38
650.907 12563 38
300.0 29135 64503
4509.0 4353 14553
0.00216969 450 101
0.361615 25364 4067
601.8 24857 14553
2.4 37490 20219
0.00765 35321 10497
0.0365 163 6201
1438.9632 37210 3557
0.6144 3807 52917
0.4648126887 70 7217
30.0 2369 7554
0.51939 23193 10327
182.4192 24335 68
2.2 52376 44270
1.1 10365 7000
0.3 33027 20219
0.361615 25364 4067
1446.46 2464 3
2900.3904 22671 68
4070.85 29467 14553
7515.0 4353 14553
1.8 11186 14553
31.8 46189 14553
1.2288 29861 52917
1457.30845 66244 3
0.72323 20571 4865
7.2323 51065 38
49.0755 64895 5685
3.2616959999 5296 1338
0.96 15896 5218
0.72323 25364 4067
2256.4776 39639 14008
0.3 36594 46831
0.1536 10308 37490
0.1375 52376 44270
190.20949 18495 3
2688.0 53834 816
0.1375 52376 44270
0.1973 37995 632
182.69913 10353 98
717.75 35482 29135
116.4 26001 495
75.0 2201 5685
0.6 36594 46831
4509.0 4353 14553
0.72323 25364 4067
4.8 38308 11895
2892.92 14028 38
3304.5792 12802 34696
180.8075 23604 41673
0.0096 39928 62233
75.0 29135 2482
5.78584 4865 40440
3006.0 4353 14553
0.6 46831 36594
48000.0 7 34808
13.2 57389 5685
0.3 10308 18067
1.304153 14436 632
867.875992768 10522 3
0.361615 25364 4067
480.0 1516 26410
723.23 410 810
29.6 5433 13054
7.3389395385 11160 7992
0.7296 39928 62199
0.72323 4945 38
29.7735 15499 42
578.584 8886 38
1.44646 4865 20571
361.615 38279 38
0.3 43978 36594
0.72323 4865 20571
0.72323 25364 4067
4.773999989 31546 11
723.23 14028 38
5.5 32172 38
0.3 11895 22098
5785.84 37787 3
71.961385 18709 38
1.2288 3807 52917
11.8274068957 7217 70
144.646 63667 38
2.1836094144 20219 37490
0.96 15896 5218
695.219446746 29859 2186
1200.0 33614 4353
144.646 52082 38
48.0 26731 24
270.946499998 21341 10514
0.6 12377 34979
0.0375 10308 18067
1446.46 37399 38
0.3 33027 20219
0.15 5685 24391
361.615 23169 38
4295.9862 1845 37084
1.44646 4865 40440
0.6 10308 18067
75.0 36958 29135
61.94313 10700 98
90.3 44126 14553
0.72323 4865 20571
4339.38 10363 3
8.0610781862 17247 41673
9.45 35678 5685
14.5461369502 1845 9611
1652.58055 65405 38
0.0072323 1845 5215
19.73 18709 632
7.8 32205 5685
0.072323 5493 3
0.3 36594 46831
3616.15 33203 38
1.2 38308 11895
0.6 46831 36594
140.8 52376 44270
0.6144 20219 37490
0.15 36594 46831
0.15 36594 46831
49.5 55312 14553
14464.6 410 1464
0.1536 18067 37490
749.25 64016 44550
0.55 52376 44270
17.6 52376 44270
0.72323 25364 4067
150.0 29135 38406
0.15 22098 11895
1.1 3807 44270
0.275 52376 44270
0.0384 39928 2506
0.72323 40440 20571
0.0011 20014 3566
1167.22088977 38406 38
0.96 19775 6429
0.0017661866454 21598 20035
0.275 3807 44270
12.0 66954 5685
723.23 23834 38
0.72323 25364 4067
15.0899999985 5265 43890
72.323 38809 3
9.6 22098 11895
1.1 52376 44270
4.9152 3807 52917
3.0 271 876
1334.465 48829 4206
3750.0 33614 26970
0.1152 39928 52759
7.95553 28694 3
1.2 12844 11895
0.3072 10308 37490
1.8 31114 14553
723.23 19748 38
2.4576 20219 37490
0.55 3242 15468
0.72323 37490 24664
0.3 22098 11895
8.8 3807 44270
1500.0 116 29135
795.553 64548 3
0.00765 35321 36992
5.78584 40440 4865
21.12 38573 1411
0.72323 25364 4067
35.0784 194 45749
7.5074999985 37427 24748
0.1375 3807 44270
0.96 15896 5218
9600.0 3557 7
1039.5 1452 11
1.8 9225 29135
0.72323 37490 24664
0.72323 25364 4067
939.403439768 1752 3
0.72323 25364 4067
2.4576 12844 22098
0.275 52376 44270
8108.6976 30282 7
0.00765 35321 6818
3616.15 19748 38
911.69064 40161 42
1500.0 18242 49816
12294.91 4671 4247
0.96 15896 5218
0.847 857 11887
0.15 11160 21124
8.7 56543 14553
609.0 3574 110
0.3 43978 36594
180.539999999 24608 14553
307.788 28958 3066
0.15 46831 36594
144646.0 12805 1845
4.4 3807 44270
1.44646 4865 20571
3464.2717 37490 38
0.72323 25364 4067
810.0176 33404 3
1.44646 40440 4865
0.6 36594 46831
0.72323 37490 24664
