0 1.7 26 25
1 2.0 31 45
2 1.0 29 45
3 1.3 19 32
4 1.2 40 62
5 1.0 69 82
6 2.2 92 36
7 5.5 90 59
8 1.4 91 73
9 1.7 29 1
10 1.7 19 33
11 2.6 91 62
12 5.0 50 82
13 1.0 21 17
14 2.4 26 25
15 2.7 92 36
16 1.3 37 77
17 4.0 31 77
18 1.8 69 48
19 7.5 69 93
20 3.6 10 36
21 2.0 19 58
22 7.7 21 25
23 1.1 19 62
24 5.0 48 77
25 1.1 31 59
26 1.1 91 32
27 1.7 40 36
28 2.2 39 58
29 5.7 29 32
30 7.7 90 17
31 1.8 29 25
32 1.2 81 58
33 2.9 90 82
34 1.0 91 25
35 1.0 70 58
36 32.6 31 47
37 4.1 46 53
38 2.0 86 77
39 2.3 39 82
40 1.1 48 96
41 2.1 92 1
42 1.7 50 17
43 1.9 86 23
44 1.0 29 59
45 3.0 21 1
46 1.3 88 17
47 3.9 37 33
48 16.6 39 1
49 1.6 19 78
50 2.9 90 47
51 1.1 74 77
52 2.7 92 56
53 1.0 92 1
54 5.5 46 57
55 1.0 92 62
56 1.0 74 82
57 8.7 42 62
58 1.9 21 27
59 2.9 92 59
60 1.4 29 27
61 27.2 21 6
62 1.1 81 36
63 3.3 90 36
64 1.8 69 26
65 5.0 80 73
66 4.6 19 33
67 2.3 86 99
68 2.1 53 33
69 1.4 19 23
70 2.2 21 96
71 1.8 42 77
72 1.3 37 6
73 1.9 80 93
74 1.0 41 58
75 1.3 46 45
76 2.0 50 53
77 4.2 80 57
78 4.1 21 58
79 2.0 48 77
80 2.1 92 96
81 1.4 39 25
82 1.3 90 62
83 1.0 29 27
84 15.2 39 56
85 1.2 88 45
86 1.3 70 82
87 4.7 40 25
88 1.4 55 28
89 1.5 69 26
90 1.2 81 30
91 1.8 92 27
92 1.0 92 36
93 1.0 80 62
94 2.0 41 62
95 9.9 41 58
96 1.0 90 33
97 1.4 92 73
98 1.8 92 82
99 12.0 53 62
