0.03828455113070113
0.22944359838428371
0.002147146869639114
0.02742035608441413
0.01885881049987685
0.004498869298576561
0.0007235897763653541
0.003930620806281057
0.001891281078786071
0.00022919926618918538
0.006285836491161116
0.003535631931752234
0.004560103787013864
0.00330132757716679
0.000491267656526967
0.0006341525937440046
0.0
0.0005390353014333826
0.0010326857007581457
0.0004322167614248949
0.0003266943028416341
0.001302732195839136
0.0003245298325018341
0.00025146214823532596
0.0008039238807209245
0.024860668587314845
0.0320819438718041
0.07211404257568092
0.021863248261903542
0.01762629218744902
0.00992016907521463
0.00924046202054461
0.0022088286763085998
0.00041745241683970946
0.00012221434144880068
0.0018236592631990774
0.0002423264898108823
0.0011971931080767997
0.0002901523104661188
0.000265972228523046
0.0005406081150188085
0.18346030466655422
0.08263810051456597
0.038116269430197865
0.10060713007789988
0.023213786884567246
0.05230495825584104
0.015128743697485592
0.001726693585008187
0.03025272923661029
0.005091063093058553
0.0025742940735805978
0.009844005106378884
0.0007594542318026451
0.013397450162208552
0.0036412098026279483
0.0035422047183758785
0.005627863677134856
0.006143366560445531
0.0006389298781099938
0.011411009547817047
0.002742383293770356
0.00652223450386051
0.011420859960201563
0.002403970585493506
0.014809537127827383
0.001689853661861074
0.0023971034401643453
0.0038652200460973724
0.0
0.00105660290049313
0.00261486731608297
0.0014162933669393154
0.0004347624102917232
0.008517401447241415
0.0038420355186441425
0.0015509233290622018
0.0037635714064000255
0.0005468181952013413
0.0016484702900306282
0.0008611877903601452
0.0
0.0022302001733502876
0.0005300247679482389
0.0008028274310139207
0.0006167676527408472
0.0010941049205887043
0.00043555775993065935
0.0005300247679482389
0.0015176412037063841
0.00215142522317071
0.0012422243908753077
0.0014169740315912662
0.0008706011580127008
0.0018669057118974519
0.0006923548226501458
0.0020305972045343516
0.0007166214775520282
0.00045292529344207003
0.0006923548226501458
0.001388929822355069
0.00213158076249734
0.0
0.0007237294635334828
0.001997862754606448
0.002142499992925475
0.00224797937409685
0.0005844722788305054
0.001073399430530879
0.0005508176097979716
0.0016826162347688284
0.0007166214775520282
0.030123711925643212
0.15099248716833763
0.012481143064100022
0.02976198642240703
0.004673235857240843
0.0002912130938413428
0.003144372325417482
0.00015376401009866285
0.004403975810942482
0.00011641406943012365
0.001857494536575364
0.001055373097133683
0.0009640513764918987
0.011178325358759485
0.013387615948185914
0.010099958662900555
0.0019305523720959188
0.011071288887748151
0.002871706031237237
0.0013164112808835384
0.014722999599053146
0.017658537642824136
0.014024055268091215
0.0007215467754860655
0.004534338781190056
0.00791304120000429
0.005594181165553345
0.008119880471069001
0.004503644814708363
0.0
0.005105796966802769
0.001681188194006407
0.0013367017731114542
0.0013926576590223548
0.006869653971451844
0.001620248285426133
0.003451157082023674
0.010731897210944296
0.00044971397797424767
0.00017728457171531083
0.0028743790365719927
0.00044971397797424767
0.000627432467307383
0.0
0.0002715700994896498
0.0010189207074980625
0.0005790682722518974
0.00402693656511622
0.002038993512387971
0.0006518363858649427
0.00201803801381648
0.002174619126905488
0.0023288797151350938
0.002399954389341199
0.0005956902924991437
0.0006962626479437882
0.0011196388544694991
0.0011442156681984246
0.0006647648435322109
0.0
0.0028798189281034523
0.0007588400415012265
0.000330572775387704
0.0006077240549211674
0.0017154368177427044
0.010946110691341056
0.04695508645023978
0.015260331263148732
0.0059597599322615625
0.018513567690411074
0.00961554540866427
0.006428686837957455
0.0016442486630873106
0.000922987459621739
0.009774891292120075
0.0033436407298792193
0.0005414149941496995
0.0037188136457624154
0.002137376591279035
0.00029511188755646916
0.002487366158265636
0.0008479129682032053
0.0011133355627564229
0.00039003010561510795
0.0009082403678785625
0.0013372581385340237
0.00143785334220264
0.0004506142218849684
0.0003633333104464127
0.0001842990737270225
0.0021000143543425474
0.0004492376160675493
0.0010340380949595248
0.0032157889438429554
0.0017777564732956964
0.009290703933351897
0.003913808103598845
0.006448587930426368
0.00025079165525628575
0.0011902641229170634
0.0014303405227601611
0.001029454369580393
0.0008654949649862679
0.0006360480537402783
7.668754328740968e-05
0.0
0.00023246642689231576
0.00019250119614144814
0.000708359044154717
0.01019488286648219
0.008763686767937375
0.008867520022817776
0.020669761278835987
0.015443403584045745
0.0036553940559356755
0.003331509890675278
0.0017538798606116543
0.0003291931925554737
0.0006665752184240136
0.0032965008875958527
0.0
0.0033816695827341126
0.0009944334930634987
0.0002812285657732313
0.002314430746312376
4.5800006833184336e-05
0.00012272340261652216
0.0003944205106824104
0.0
0.0009138713518855789
0.0003879822688174422
0.00028201600406209127
0.00011711539700581656
0.00047400734544141823
0.0741098248282165
0.00472219275177486
0.012841110986487679
0.001749935488273441
0.0019950865741263147
0.0036512444552942143
0.001432374212345799
0.00043842800121611606
0.0013765739220506707
0.0009209064864910666
0.0013492695326452315
0.001387645190580579
0.00035926796293359346
9.712671836612161e-05
0.02954185630818336
0.0
0.003755555486865638
0.0033695792561618193
0.007181651578283824
0.0023374399780570912
0.006461888538721088
0.002029255009363416
0.0016007220011700926
0.004951831766842831
0.003258810662696239
0.003439937340479327
0.005270677421045621
0.001749141770755861
0.00017717826669062472
0.0004559835398146303
0.0017913630618076797
0.00452137106087293
0.0006163427642648423
0.0015020447199848848
0.0010790488772031723
0.0011529679050746211
0.0007083709117372802
0.0060952429575610685
0.0030181950388717318
0.002191088906711817
0.0005400283519387221
0.0025014288198195126
0.0002095434585802317
0.0010702824854782965
0.0016014173034230045
0.0
0.0008797202502025466
0.00022302484247513726
0.0016439176014642054
9.599066601961283e-05
0.0008797202502025466
0.0003728192124937451
0.0007038306629425393
0.0006249244515801682
0.0243914781032552
0.013413482215237405
0.015392204996723164
0.0005200790103288887
0.014744870398979704
0.007493083620917208
0.006656111798764031
0.018848874058781422
0.007892452655592321
0.0026700988093257176
0.009715653894458233
0.0018704421543018059
0.007388222171713203
0.0
0.005106478107663266
0.0016583598053087044
0.002960609735576055
0.0005001828294441102
0.006201043113146516
0.0029303520353012712
0.003770936944566913
0.0035027812306105354
0.0007928110945102859
0.00676885604961638
0.0010530180008961562
0.0023014362373155167
0.0039114084086549405
0.0023087911491837215
0.0005654024806289314
0.0018175674170744628
0.005568245372205907
0.00035479437257085884
0.002107601009242568
0.0016978208966650392
0.001346701125146906
0.0003053507881826019
0.0021242184478036962
0.00030020312222111645
0.0015999237992699957
0.005263502780347772
0.0019687881363810045
0.0017347694858876714
0.0012902652679740397
0.0012940514991040708
0.0008365244650936335
0.0009360590408630128
0.0005860194055553411
0.0010328651021113459
0.0
0.0002745216850571712
0.0028978498508960195
0.0023679564139096314
0.0005609927168513749
0.001486944169808252
7.688012030029399e-05
7.474964775186134e-05
8.752518948349205e-05
0.0003825874123658099
0.0002813270428529615
0.0002899541981258645
0.0006198578909044102
0.0005742025152773543
0.00014134269395020232
0.0007872232171194786
0.0
0.0001023849051829737
0.00013196770904353396
0.03872595509415968
0.0018210365404814563
0.0037704727630315294
0.005748494136897906
0.008305384403483764
0.0006985760713543878
0.012074971888718034
0.00025798566127241396
0.0019094535095446406
0.0011856619790582244
0.00032999235313463686
0.0002780158643464495
0.00032999235313463686
0.0007791030740804799
0.00054184644788057
0.0006387890556319747
0.000856138767620961
0.00020531681916681566
0.000381851502881421
0.010739905705740797
0.0004515117528356227
0.00025738527841640295
0.0009475442927043926
0.0015125575330718517
0.002343168655160859
0.0006982131434109273
0.00012887908447550877
0.00032697010646734947
0.00047677863772397315
0.00035471205593853915
0.0028450008022543995
0.0010270893521431169
0.0027090432721369583
0.002456361995926781
0.01318925669115143
0.0033748209053561973
0.0019997651532731413
0.0005464320698205239
0.002840611615381483
0.0015249584376969883
0.0007232835470099997
0.0007259807849939825
0.0018837658805846323
0.0008275418211434644
0.00031981785621286354
0.0005670317395820765
0.0007218439871219365
0.00019198421347277168
0.0005283213127335766
0.0025243938569061786
0.000445351697828842
0.000646665202439797
0.004062585874620179
0.0002100286777284571
0.0009700669268260947
6.113900929676271e-05
0.00013611570139658994
0.00010316453418515816
0.0034593240926834136
0.005045450186657721
0.0019763916671519583
0.0016542436715998546
0.00015542588389785475
0.0
0.00757330040395848
0.007863236910239291
0.004665860961331291
0.0025492830394895235
0.0005340267928312505
0.006007054719103943
0.0019502156489376674
0.0002829396133548297
0.000327010022183024
0.004801161216478077
0.00029935739094711137
9.893260364791665e-05
0.0005935527729834999
0.0028023557458746835
0.0005705752992075029
0.0011620527344057745
0.0012001750753755352
0.0012530429354470948
0.003109609517980135
0.0035106824441943868
0.00029935739094711137
7.006017442725034e-05
0.000327010022183024
0.0005014692037539236
0.0011814400013337317
0.00016633485933196477
0.016769686005749684
0.002420074124816509
0.004933852831254951
0.0014677877911343769
0.0010705625750990827
0.00023116900796161133
0.00035227072388771096
0.0003650392629800723
0.005685840293147321
8.531154515934533e-05
0.00017354609965938543
9.70770576154075e-05
0.00015776407269880904
0.00012305931248780987
0.002858821659195856
0.0005948983550946486
6.15662216641954e-05
0.001930910193458592
0.0074082265340923836
0.004095932445307457
0.0010319180315390912
0.0017946338416895903
0.003560180341421614
0.0015520074010943665
0.0009274199849675485
0.003754425263571305
0.0009805071300744578
0.0017967177011729092
0.001072559907191545
0.001394117743087414
0.00022094439954768966
0.007559910230348833
0.008580813103116237
0.0001865627339864907
0.0015008350879391768
0.0010042786301318171
9.637864429318685e-05
6.585557933351566e-05
0.0006724476164067377
0.00034923643171813845
0.0019128843903195175
0.004324059377506217
0.00025792257488296014
0.00024820884215581425
0.00033313332495377634
0.0003414265730701788
0.004205104697430871
0.0022162948059797575
0.000587526586756586
0.005657508878821267
0.0008860191139189947
0.0024852413537033405
0.0027990384307131086
0.00032511450865220786
0.00160643826193914
0.0
0.0034640290996409166
0.0002575963741755638
0.000819170198977285
0.008467691276132982
0.0007280182695108845
0.00021666518859085875
5.513124047968223e-05
0.0005886592284817355
8.915924166962885e-05
0.0064330229153497865
0.0006078515900075769
0.006549535024421295
0.0014952403946215257
0.002463249933826363
0.006189242397726094
0.002557532561618684
0.0010930979138874936
0.00028878940374101324
0.0005541528714369536
0.0008452209349570262
0.0004062083888539418
0.001620734661088675
0.0006742706879747704
0.00024503605154418593
0.0005541528714369536
0.0004996306365916453
0.00033272772970488875
0.0010728176777372014
0.00028927343608994475
4.900347761697702e-05
0.0011159297712904509
0.00851089191257124
0.0024305800170712805
0.001278836720175955
0.0006792255506708574
0.00016066479901694913
0.00047829646371807394
0.00015907565890018341
0.002131840143942476
0.0021163966491345647
0.00028699812200983925
0.0010739763906222098
0.003914758061930019
0.0012549911677331173
0.002381891834935351
0.00010437038649621115
0.00022845966941461136
0.001195088305392992
0.00025510509583230194
0.0003855147709374711
0.0001460533534138175
0.001812625034757597
0.0003778394237134939
0.0027159267402686233
0.00014971154150795525
0.00032425050985956044
0.00029175453944575605
0.006116909520632855
0.000802626493269947
0.0004869323933111515
0.00022149850071415816
0.0006923585743332218
0.0006870844654364181
0.006545690735734255
9.333447427730256e-05
0.0010031189534052839
0.0007909850928791924
0.0002569369900464846
0.00012000941130441961
0.001020280548089626
0.0013117742099963865
9.541513269595227e-05
8.495114150870113e-05
0.0005506085679937043
0.00022312736812749446
0.0021286562168022893
0.00022228053925825257
0.00012868245046716408
9.594202568150283e-05
0.0017462757821333813
0.0010258429165514536
9.212534886218146e-05
0.0015231192659324827
0.0001746292854709565
6.94062723541302e-05
0.0010697472010617437
0.0032599246979261743
0.0004910503965337822
0.0005002227015467621
0.0010634140972506703
0.00036794561701642835
0.0001907868850474392
0.0005412725524144323
0.0010994482745246513
0.0001438968451503959
0.008767620988921879
0.0002534168424121356
0.0007901154144814887
0.003226871050147911
0.0004494416011274974
0.003331989518223269
0.00027620756757311876
0.00020590990577920058
0.000393399849497951
0.00030918840450028164
0.0001468833646908155
0.0004671884576861367
0.0004911109458427695
0.002223241203922725
0.0020294566534850406
0.0003064298348495822
0.0011106068183311868
0.00019002900569957485
0.00017825024310015857
0.00013130341738107668
0.000231452136955388
0.010726899125390692
0.0021994432148019515
0.0008803289486356795
0.0003189021885804127
0.00023983214992401858
0.0005533783048857918
0.0006055838503315731
0.00013957741447636962
0.0019162392204177612
0.00023414810462633662
0.0003165539885289409
8.896026152761847e-05
0.0001436921980623763
0.00015793405966008716
0.00013276074529652116
9.745227206293127e-05
0.0007839190427842556
9.079591272746223e-05
2.0759929466230966e-05
9.44675771165022e-05
0.0011352611199535868
0.0011953914142275287
0.0072038474938293075
0.0004327696057044959
0.0022336291630503926
0.00010749766494059844
0.000624681978063862
0.00018712742007034614
0.0009245768826989709
0.00010242073617189863
7.124248126031532e-05
0.00031818571201258145
0.0003266720508962129
0.00024557485773858456
0.0019066965233585855
0.004266703769574667
0.0001701415815310072
0.001992316268819566
0.001848733091296743
0.0008581859516206259
0.0006353921762347301
0.00014505988108179895
0.001877330865900108
0.00020189644225184557
0.001238542942408709
0.0019260971105496383
0.003125095584444695
0.0007834838109392652
0.00021728905299628486
0.0024414261303766747
0.0009383645770364521
0.0021975012387809136
0.0005198813836384809
0.00017976591599113719
3.532406551824364e-05
0.00017999603002943012
0.0001756706982020815
0.0012698596196531811
4.267031660011786e-05
0.0002534224592858972
0.0008027660613838357
2.0784357868111433e-05
0.0004856701614099256
0.00019619501003386217
0.00019201529120733944
0.00012461549224993828
0.00022520727459706465
0.0013545246644183345
0.0015367668254937102
0.00048062635985790823
0.00018771261035204414
0.0002133652909862656
0.000171394368874296
0.002113112127288536
0.0003310489381549098
0.0003008806230383029
0.00016467349889774815
0.0001347927976956172
0.0006128537150039364
3.2786891592221555e-05
0.0005869115963069191
0.00034794967758909926
0.0001558856718637351
0.00022616676730296618
0.00013783084555461013
0.00186471270041656
7.106883637723095e-05
0.00025557468471676663
0.005225847891813103
0.0012134172382663238
0.0007609104500736836
0.00032263870942774266
0.00026687576552844307
0.0017045724306408306
0.00020089987556408672
0.00022091736302772366
0.0004913778202011016
0.0006920772900850304
0.000576650508857079
0.00031015068814346585
0.0002105082095528691
0.00023030317163245327
0.00013830990457868993
0.0005169490758558716
0.003817554508734083
0.0018971714176554727
0.0014808406510070401
0.00030149570657142397
0.0020819958004885193
0.00017724592322838675
0.0002841506396428118
0.00013456351667690062
0.000710194898073355
0.003641135456929102
0.0007061532529306749
0.0008128571190640175
0.00010265989106194456
0.00016925467966614889
5.29419033093048e-05
0.0011260317632555044
0.001174550127214527
0.0016593192911973655
0.0049214725174482245
0.0003958149449520568
0.0002409287753873133
0.0019627274607177114
0.0011280655693312021
0.00029868127721395055
0.00020378310093783664
0.005171690607894239
0.00022929087886759672
5.0214252959044354e-05
0.0007552395986085524
0.0009081563198548409
0.0008002646780086999
0.00010512946466553023
0.00018030125818802582
0.00010177321029257697
0.0017026818281244086
0.00018234583541198814
0.00032027987320161803
0.0003377348778605572
0.00019112115154015492
0.0004328790171800542
0.00022308732940112407
0.0014270692402685145
0.00011515869583802895
0.00037493576431587926
0.00016431783948298457
0.00010891074104908935
0.00016061807710981532
0.00037346682722187876
6.022797676484905e-05
9.180485750240326e-05
0.0003589101836492614
0.00011841560798952703
9.553951761874673e-05
9.177208306649987e-05
0.00011517701347308964
0.0003573995621155275
0.00014212228084416905
0.000213021693459496
0.00013344639796045673
0.0006664517760721928
0.0009003113915128746
0.0006376070813564192
0.00019807863591405915
0.00029754144887149386
0.00019348860349275494
0.00028812056417006326
8.911384275330613e-05
0.0002287739722097344
0.0002829311229304458
0.00011679620716596762
0.00023226062106892825
0.001664267331560799
0.0015408290473516277
0.0019657083484093557
0.0007842788032251925
0.0011869972329501266
0.002332202005961214
7.29468554006519e-05
0.00023885902220359374
5.5014035844087524e-05
2.7932175560766072e-05
0.00035244414944598796
0.000416990989154077
0.00046793637128735764
0.0002365326111141129
0.0009014659058352847
5.041122832260668e-05
0.000246204065831625
0.0021989468181927083
0.00019246814751222252
5.7897040751638864e-05
0.0011864372402816711
0.0001436923715415617
0.000313875469971545
0.0002184899050824876
0.0002253540859963817
0.0003118008368274982
0.00028637739892313903
0.000174345929257886
0.00011335783505947143
0.0017712973042481894
0.0001543048139078176
0.0001624256330865974
0.0025140807455939023
0.0017061124294856637
0.00019361527248002095
0.0001724618931396794
0.00011914017243789162
0.0008945253782918315
0.00016760135948461
0.004796720585731529
0.0012463008400064905
0.0003653488532742201
0.0008051136314299848
0.00030228466887909235
0.00013062664379791388
0.00010828286165510319
0.0003428750044273624
6.804143815444837e-05
9.804692204407364e-05
0.0003508037831621358
0.0001589762605257648
7.891117888891214e-06
0.00020539928822265773
4.105883086065675e-05
0.00010133341219317781
0.0001419464727117816
0.00010436324916350808
9.13911085130717e-05
0.00010657596907209907
8.131408235538065e-05
7.47798035181863e-05
0.001362297975189634
0.0008072942243222905
0.0
0.00025831745738970205
0.00028808985892184993
0.0004670404018054612
0.00019655635565346438
0.00020142509667987505
7.391758672097129e-05
8.013020312128344e-05
0.00015384976288596548
8.424664010345179e-05
0.00016126150004374442
0.0002997034947708355
0.00020856363202866222
0.00014001548832179452
6.0257352619855416e-05
0.00016716243750453647
9.901622931604464e-05
6.504039988666777e-05
0.00012179150032011818
0.00010207312089907165
0.00012211250395368045
0.0020655410434055987
0.0001928976860461162
0.00035565893752855914
0.001241548462042181
0.00016385148883547816
0.0002667929413614006
1.0030070150310631e-06
0.0004570199130600649
0.0013901596047778163
0.00010345036151910542
0.00027887471003811394
0.0001284603317335485
0.00014166582649257397
0.00016756023027825897
0.0002917925263648771
0.000359173029918718
0.0009666016520055048
0.00011376545500268813
9.363476607562304e-05
0.00016044259397092803
6.515049528885237e-05
0.00033051314154156384
0.00039683867454321214
0.0003293240366829181
0.00011454760392350051
6.444421385414485e-05
0.00026525317659124306
0.00017983975297227394
0.00015718542298206065
9.887911287233569e-05
0.00010571079653689317
9.771535404500681e-05
0.0004276532186351165
0.0001267177676824444
0.00041266021163239756
7.733072552643044e-05
0.001217170412330048
0.0001569019205225155
0.00012196911160602123
0.00010257885704213671
9.170300359547334e-05
0.003031246843168341
0.00017082138172726233
0.0001543649137857162
0.0001344185448272124
0.00012071653162834801
0.0012499843337651078
0.00107989161363502
0.0002034564147220281
0.0002850234763635524
0.00012900468700531456
0.0006043078692243766
0.00012313137730639398
0.00044497337150328314
0.0006025425758654943
7.483449923886354e-05
0.0005643539081580474
0.002385617848362853
0.0003069772330001565
0.0001073124752281873
0.00015015062393100202
0.00040592236915522795
0.00016789024805056885
0.00012311842360829224
0.00032928585858596064
0.00010563005467847833
0.00028933168814238133
6.249317913282389e-05
0.0008399055605000464
7.202992527202901e-05
9.150291938089756e-05
0.0005977897711364831
9.071655261885187e-05
0.0003382609228737122
8.738180498932111e-05
0.0001360888096920548
8.244685447235157e-05
2.9755213455948252e-05
0.00018270527797544477
0.00011643222570581245
9.921532967625151e-05
8.884822045750696e-05
8.545493641071795e-05
5.015035075155315e-06
0.00034249564435907495
0.00022938500993571862
0.0003414674980579404
7.614820574072409e-05
0.00011384146709320622
0.0005604249656307606
0.0002582120572526494
6.746636652475162e-05
0.0002482246655807629
0.00015630271126344255
0.0002044619773886357
0.0003500315719307076
0.00013803787440385255
0.00012693176264542172
0.00010642896082678301
0.0001247188076643341
0.0003245847580716147
0.00012505016395671176
0.00011934293474852068
0.00011736691206742426
0.00040041567148067704
0.0002696239476799559
9.187702656693279e-05
1.4159984099863864e-05
0.000168907434068168
6.676194132806708e-05
0.0005454119939683359
1.7679265062921266e-05