0 5.4 358 723
1 2.2 561 719
2 7.9 85 122
3 1.2 705 580
4 1.6 961 384
5 1.0 820 109
6 6.0 865 980
7 1.4 811 290
8 2.0 851 756
9 3.9 298 670
10 1.3 877 264
11 2.2 633 250
12 1.4 424 479
13 1.7 946 156
14 2.5 196 883
15 1.8 252 799
16 2.2 956 796
17 1.9 515 495
18 4.7 897 962
19 3.4 196 290
20 1.1 735 552
21 1.4 107 718
22 2.1 249 683
23 24.0 987 568
24 1.0 764 923
25 1.4 961 783
26 7.3 431 870
27 2.8 305 609
28 1.3 360 848
29 1.4 463 672
30 2.0 309 576
31 1.0 867 751
32 1.1 705 394
33 2.9 203 94
34 1.0 576 553
35 3.6 6 357
36 1.3 130 457
37 1.1 705 870
38 1.7 980 182
39 3.0 987 681
40 1.3 850 369
41 1.9 849 290
42 4.0 833 454
43 10.8 97 340
44 1.2 505 670
45 1.3 205 567
46 1.3 572 954
47 1.5 213 400
48 1.7 560 970
49 1.6 403 233
50 1.3 634 213
51 2.7 475 670
52 1.4 914 75
53 1.7 271 906
54 1.5 359 337
55 1.3 633 74
56 2.7 985 307
57 1.0 695 212
58 1.1 658 253
59 4.5 176 624
60 1.9 511 487
61 5.2 111 461
62 2.6 609 926
63 1.4 388 736
64 1.4 241 148
65 6.7 852 386
66 2.3 253 232
67 2.2 325 442
68 4.7 936 496
69 3.2 649 159
70 1.0 785 290
71 1.0 619 945
72 1.8 505 67
73 1.7 107 449
74 2.5 897 808
75 1.2 37 419
76 1.1 35 632
77 1.5 961 54
78 5.2 461 719
79 1.0 565 354
80 1.5 826 751
81 1.1 606 562
82 1.0 586 700
83 2.6 760 514
84 2.0 65 381
85 7.6 923 834
86 65.7 196 298
87 3.3 452 948
88 4.9 108 771
89 4.0 779 948
90 1.9 257 517
91 2.3 734 194
92 1.0 74 339
93 1.0 996 624
94 1.7 781 1
95 1.1 213 259
96 1.4 441 531
97 3.4 192 670
98 1.1 841 976
99 1.6 726 551
100 1.4 237 456
101 2.2 130 435
102 1.1 122 315
103 10.1 733 166
104 3.3 366 882
105 7.2 10 204
106 5.1 248 15
107 1.7 489 400
108 1.7 92 76
109 12.7 165 691
110 1.7 794 624
111 1.5 458 957
112 1.0 118 999
113 2.5 411 503
114 1.8 906 159
115 1.1 680 117
116 1.4 978 103
117 2.5 615 652
118 17.4 633 248
119 1.4 423 156
120 2.1 28 622
121 1.4 595 698
122 3.0 562 273
123 1.6 248 15
124 1.1 296 257
125 2.2 758 212
126 8.4 605 278
127 1.5 821 930
128 2.6 401 188
129 1.3 996 240
130 21.7 978 620
131 2.4 605 568
132 1.0 107 529
133 1.9 512 152
134 1.4 833 68
135 1.2 820 600
136 1.3 400 536
137 1.3 782 567
138 1.2 884 225
139 1.6 67 53
140 1.3 625 315
141 1.7 846 691
142 1.0 574 870
143 3.4 927 975
144 1.1 152 949
145 5.3 930 670
146 6.1 978 957
147 1.6 330 572
148 16.2 18 580
149 1.5 615 632
150 1.4 878 848
151 1.1 930 372
152 1.0 827 156
153 4.8 609 7
154 1.6 987 552
155 2.3 342 927
156 120.7 634 105
157 28.8 475 44
158 10.1 458 486
159 6.9 778 70
160 1.1 479 922
161 1.6 745 212
162 1.2 250 412
163 1.1 49 248
164 1.0 694 948
165 1.1 353 483
166 1.3 252 105
167 1.4 498 720
168 1.2 235 280
169 2.8 130 517
170 1.5 326 90
171 1.4 359 876
172 1.0 826 704
173 1.4 126 495
174 13.8 165 507
175 1.3 706 418
176 1.6 350 861
177 1.1 702 184
178 1.8 551 329
179 4.1 277 395
180 1.4 100 522
181 5.2 116 697
182 1.3 838 711
183 1.1 39 761
184 1.0 230 777
185 1.7 500 691
186 1.4 694 881
187 1.5 353 442
188 1.9 996 580
189 1.8 997 31
190 1.4 705 615
191 2.2 538 529
192 1.1 476 547
193 5.3 778 71
194 1.0 738 808
195 14.9 879 305
196 5.2 644 975
197 3.5 172 598
198 3.0 236 761
199 1.3 918 145
200 3.3 707 591
201 1.0 401 275
202 1.5 97 76
203 1.1 505 986
204 66.8 152 387
205 1.8 423 747
206 1.4 989 871
207 1.2 464 722
208 1.0 641 737
209 1.0 94 923
210 1.7 792 522
211 13.7 961 483
212 1.5 192 70
213 3.3 160 988
214 10.9 585 544
215 1.7 964 756
216 6.6 653 373
217 1.0 641 495
218 1.3 464 42
219 1.4 733 179
220 2.5 852 194
221 22.5 94 116
222 20.4 122 926
223 2.6 930 612
224 3.5 507 270
225 1.4 878 569
226 3.3 447 275
227 1.3 390 625
228 2.3 260 284
229 1.0 852 558
230 1.6 196 214
231 2.5 918 159
232 1.0 551 593
233 2.4 50 957
234 1.0 213 795
235 4.9 304 569
236 4.3 296 194
237 3.8 961 325
238 3.6 807 453
239 1.8 727 400
240 2.3 563 405
241 1.3 668 643
242 3.3 311 351
243 1.0 631 580
244 3.3 197 865
245 1.9 97 749
246 2.0 0 976
247 66.9 827 778
248 2.3 574 761
249 1.1 43 634
250 3.8 536 933
251 3.5 237 881
252 1.3 553 855
253 1.3 220 19
254 33.5 641 580
255 1.6 690 329
256 1.2 433 846
257 4.0 619 612
258 2.0 146 143
259 1.4 498 724
260 1.4 627 609
261 1.0 254 266
262 3.4 165 934
263 2.1 254 88
264 4.6 80 366
265 6.1 97 85
266 1.5 316 382
267 1.0 871 229
268 1.1 855 947
269 3.0 989 172
270 6.9 48 600
271 1.4 850 652
272 1.0 92 751
273 1.1 396 625
274 1.4 431 625
275 5.1 40 947
276 1.3 522 213
277 2.8 852 815
278 1.1 236 146
279 206.2 874 351
280 1.6 458 171
281 1.6 515 355
282 1.6 141 958
283 1.0 605 324
284 1.5 49 785
285 2.0 694 566
286 12.3 587 554
287 5.7 108 116
288 1.0 766 385
289 2.1 263 53
290 1.5 27 516
291 7.1 18 369
292 1.5 379 550
293 1.7 198 571
294 1.7 733 799
295 5.1 838 881
296 2.0 424 632
297 1.3 15 535
298 4.5 388 698
299 6.0 975 656
300 1.3 332 799
301 1.1 987 393
302 2.8 45 611
303 1.3 641 665
304 12.9 571 955
305 2.0 612 75
306 4.1 459 149
307 2.7 865 957
308 1.7 842 399
309 5.6 751 106
310 9.4 657 908
311 1.3 819 341
312 2.3 747 222
313 1.3 316 630
314 2.6 509 265
315 12.9 96 815
316 1.7 65 813
317 2.0 997 544
318 1.2 884 815
319 1.1 715 457
320 1.1 981 552
321 1.4 875 284
322 2.6 981 693
323 1.8 232 497
324 2.1 852 799
325 1.5 357 901
326 6.3 476 159
327 8.7 944 718
328 1.6 735 184
329 1.0 423 795
330 1.6 791 411
331 1.0 445 881
332 6.7 605 544
333 1.0 855 870
334 1.1 357 147
335 2.3 852 184
336 4.2 743 337
337 10.7 404 145
338 7.8 30 593
339 22.2 357 913
340 4.7 619 427
341 1.2 507 951
342 2.7 990 915
343 1.1 398 232
344 2.3 388 592
345 74.4 213 25
346 1.0 981 202
347 1.0 449 394
348 1.5 777 581
349 1.0 97 785
350 1.0 305 432
351 1.0 884 977
352 3.1 940 718
353 29.4 67 675
354 1.0 401 881
355 1.1 716 246
356 1.1 791 332
357 3.7 735 934
358 1.2 476 393
359 3.0 282 422
360 2.2 652 795
361 2.2 781 208
362 4.4 942 90
363 1.4 237 152
364 1.4 296 615
365 1.0 67 683
366 1.0 978 786
367 12.0 927 207
368 10.1 203 529
369 6.9 292 257
370 2.3 470 789
371 1.7 196 160
372 3.6 352 453
373 4.4 827 806
374 1.3 498 751
375 1.5 353 689
376 2.0 476 720
377 3.9 653 75
378 1.2 929 495
379 1.2 794 479
380 1.6 702 40
381 2.3 370 908
382 2.7 810 275
383 2.9 304 799
384 2.0 705 138
385 23.6 705 834
386 3.6 605 260
387 12.5 198 807
388 1.1 458 718
389 3.1 296 688
390 2.5 712 514
391 1.8 178 457
392 3.9 905 232
393 20.8 508 61
394 1.3 498 925
395 1.3 688 474
396 9.5 357 235
397 1.1 107 42
398 1.0 807 419
399 1.2 730 70
400 1.4 521 435
401 1.2 240 485
402 18.5 777 379
403 1.0 619 933
404 1.1 453 719
405 1.4 568 927
406 1.7 707 319
407 2.0 166 670
408 4.2 735 55
409 1.0 536 480
410 1.2 196 194
411 3.7 673 923
412 4.0 333 716
413 2.2 237 280
414 1.2 326 952
415 1.9 250 806
416 14.3 794 357
417 1.1 551 208
418 1.2 549 567
419 2.2 576 52
420 2.3 280 751
421 2.8 470 799
422 3.8 590 719
423 1.5 356 315
424 1.3 18 487
425 1.2 333 168
426 3.4 470 280
427 2.3 981 194
428 1.1 827 162
429 2.5 149 257
430 3.2 634 235
431 1.3 411 734
432 1.6 989 415
433 1.1 263 443
434 3.8 766 946
435 3.6 379 718
436 2.3 794 639
437 1.9 194 495
438 1.4 295 159
439 1.6 108 691
440 1.0 159 393
441 6.0 197 55
442 3.3 852 384
443 1.0 130 82
444 1.8 107 624
445 1.2 107 105
446 3.3 383 341
447 1.7 441 235
448 14.6 155 118
449 2.8 961 560
450 1.4 493 961
451 3.8 82 764
452 1.1 884 298
453 1.0 346 933
454 4.1 538 923
455 3.3 108 434
456 11.1 143 624
457 1.0 262 127
458 1.1 743 590
459 1.4 46 569
460 1.2 473 114
461 1.4 877 491
462 2.1 305 275
463 4.1 259 116
464 3.8 252 182
465 1.5 514 427
466 16.9 619 580
467 1.0 331 231
468 6.2 168 627
469 1.1 433 65
470 1.6 508 620
471 1.7 571 46
472 3.1 735 24
473 1.6 295 799
474 3.2 329 627
475 1.8 213 450
476 3.9 605 701
477 1.3 0 926
478 1.2 250 226
479 1.2 919 260
480 11.3 992 42
481 1.0 673 407
482 5.0 31 754
483 2.6 372 773
484 1.5 130 653
485 1.5 130 159
486 1.7 999 855
487 3.3 809 615
488 3.0 967 76
489 1.0 11 779
490 1.8 252 164
491 1.3 130 76
492 1.0 46 620
493 1.5 315 16
494 3.0 580 443
495 1.3 715 326
496 1.4 519 114
497 3.0 702 213
498 1.0 641 33
499 3.6 487 511
500 12.4 888 563
501 1.1 721 611
502 3.0 15 427
503 1.9 247 290
504 1.6 850 75
505 2.0 408 717
506 1.0 777 674
507 2.4 930 264
508 2.3 828 962
509 1.8 981 98
510 1.1 480 650
511 1.4 370 340
512 2.1 619 724
513 2.2 423 599
514 2.0 571 457
515 1.6 784 280
516 1.5 21 252
517 1.5 572 799
518 5.3 918 67
519 1.5 458 35
520 1.4 732 763
521 1.2 758 653
522 1.4 695 369
523 1.9 759 754
524 2.1 388 78
525 1.4 396 572
526 3.5 226 949
527 1.2 764 754
528 13.8 808 816
529 1.6 433 979
530 1.6 633 588
531 9.7 229 66
532 1.5 397 366
533 1.8 669 367
534 2.1 264 116
535 7.7 903 53
536 5.5 51 933
537 4.3 441 529
538 1.2 508 632
539 1.1 109 452
540 2.2 639 776
541 1.0 35 194
542 2.6 786 958
543 2.3 777 280
544 1.3 10 339
545 1.4 871 427
546 1.0 113 184
547 1.0 204 971
548 1.3 833 449
549 1.0 433 605
550 1.5 250 235
551 2.1 930 318
552 2.1 601 489
553 1.0 312 662
554 9.6 745 517
555 1.8 669 637
556 6.1 463 551
557 2.5 130 682
558 1.3 758 508
559 1.9 652 37
560 1.2 1 881
561 2.6 744 807
562 1.3 822 229
563 1.0 819 957
564 1.5 694 396
565 1.2 424 155
566 1.0 543 468
567 1.2 19 531
568 2.4 262 42
569 1.9 594 381
570 1.6 619 495
571 1.0 766 672
572 26.7 433 591
573 15.7 521 163
574 14.3 306 217
575 4.5 213 290
576 1.2 927 17
577 1.8 716 121
578 3.5 624 963
579 1.0 817 168
580 4.2 260 698
581 1.6 353 62
582 4.9 26 861
583 7.0 712 189
584 1.0 326 145
585 1.2 45 681
586 1.5 509 76
587 8.9 370 485
588 1.4 734 457
589 2.8 811 761
590 1.2 967 76
591 1.7 938 931
592 1.2 571 62
593 1.1 405 869
594 2.5 217 102
595 1.2 745 685
596 1.4 126 754
597 1.5 209 282
598 1.3 561 387
599 13.9 873 863
600 1.4 542 290
601 1.8 669 839
602 1.6 749 231
603 1.0 301 48
604 2.7 480 806
605 9.1 784 237
606 2.7 777 371
607 6.5 973 253
608 2.1 956 280
609 10.0 35 629
610 1.1 997 567
611 8.2 405 37
612 1.5 574 69
613 1.1 149 48
614 1.6 304 354
615 1.7 841 577
616 1.4 446 976
617 1.3 38 585
618 2.5 296 723
619 18.8 280 795
620 1.1 576 117
621 2.0 371 481
622 1.7 695 761
623 1.3 544 280
624 1.8 752 568
625 2.1 942 144
626 1.7 83 280
627 1.2 828 369
628 2.6 778 189
629 1.9 192 949
630 83.6 349 382
631 1.1 873 744
632 3.1 968 977
633 1.2 55 643
634 1.5 196 35
635 1.0 837 789
636 1.3 166 169
637 1.6 46 957
638 5.0 694 785
639 1.6 15 290
640 1.0 615 908
641 2.1 79 164
642 45.1 814 475
643 1.0 275 53
644 1.1 875 25
645 1.1 733 609
646 1.3 716 609
647 1.7 230 795
648 1.1 0 843
649 1.0 295 670
650 1.1 885 182
651 29.3 730 571
652 5.0 461 733
653 2.0 446 672
654 1.8 652 208
655 1.6 202 195
656 3.9 17 399
657 1.9 94 495
658 11.0 961 190
659 2.0 216 544
660 1.9 832 768
661 1.6 751 417
662 5.5 55 710
663 3.7 218 231
664 1.7 994 491
665 4.4 217 28
666 1.7 648 727
667 1.3 388 159
668 13.4 282 723
669 8.5 814 634
670 6.4 975 568
671 2.9 953 453
672 1.3 736 720
673 1.0 721 680
674 1.4 397 162
675 2.3 297 763
676 1.3 325 993
677 6.9 65 611
678 1.2 694 606
679 3.2 521 999
680 1.3 654 156
681 1.2 10 580
682 3.0 259 990
683 4.1 441 45
684 3.0 233 755
685 1.4 852 680
686 1.0 398 615
687 2.2 889 227
688 1.6 355 212
689 1.2 551 340
690 1.0 981 393
691 1.4 703 168
692 7.5 878 944
693 1.9 21 502
694 2.1 667 217
695 35.3 996 538
696 1.5 993 35
697 3.6 730 391
698 1.2 216 108
699 38.4 516 42
700 1.6 227 628
701 2.1 25 986
702 1.1 398 691
703 2.3 561 485
704 1.8 97 257
705 1.4 25 315
706 2.0 397 569
707 3.1 442 614
708 1.6 431 72
709 5.7 173 450
710 1.0 536 831
711 8.9 18 569
712 1.7 874 284
713 1.1 700 786
714 3.5 706 450
715 1.2 622 360
716 1.1 884 3
717 1.0 46 257
718 1.1 442 986
719 1.6 918 609
720 3.1 778 313
721 1.4 518 535
722 2.1 753 718
723 1.0 705 881
724 3.5 259 953
725 2.1 85 762
726 1.4 55 158
727 15.1 342 567
728 23.9 401 701
729 1.0 781 318
730 1.8 214 103
731 1.7 360 571
732 3.3 173 485
733 1.3 856 672
734 1.2 196 703
735 12.8 978 353
736 2.8 115 208
737 2.0 192 774
738 2.4 151 670
739 2.1 682 80
740 1.3 402 7
741 3.0 215 997
742 6.7 436 955
743 9.8 47 238
744 2.8 829 236
745 2.2 518 593
746 1.1 832 868
747 1.1 627 101
748 1.0 953 795
749 1.3 262 259
750 5.0 470 836
751 3372.9 262 356
752 5.0 352 961
753 13.0 476 947
754 2.8 197 955
755 1.2 227 892
756 1.9 82 885
757 5.2 236 807
758 1.5 316 102
759 1.4 396 531
760 1.8 664 61
761 1.0 336 658
762 3.8 997 323
763 1.0 388 873
764 1.2 152 501
765 7.0 959 257
766 2.0 253 653
767 1.3 536 836
768 5.0 574 730
769 2.5 673 501
770 1.3 433 870
771 1.3 369 28
772 3.3 619 194
773 3.2 732 761
774 2.5 18 718
775 4.7 236 159
776 12.5 214 753
777 1.6 411 871
778 4.1 261 114
779 2.2 396 977
780 2.3 525 572
781 1.1 160 55
782 1.6 254 870
783 1.8 444 159
784 4.0 749 16
785 1.6 833 701
786 1.5 252 98
787 1.4 512 194
788 1.9 466 84
789 2.0 213 42
790 13.2 702 446
791 26.3 436 54
792 5.6 643 462
793 3.6 444 275
794 1.7 984 76
795 1.7 424 554
796 1.7 995 957
797 2.3 851 771
798 2.0 113 761
799 1.1 778 401
800 1.9 827 993
801 4.6 794 751
802 3.3 519 990
803 5.9 15 881
804 1.2 473 323
805 1.0 382 681
806 1.2 873 257
807 1.1 694 76
808 1.6 815 615
809 1.4 173 913
810 1.2 371 615
811 1.1 841 600
812 1.6 666 512
813 2.2 491 76
814 3.9 842 691
815 1.3 280 269
816 1.4 455 495
817 11.9 875 387
818 1.0 388 273
819 1.1 807 182
820 1.3 782 592
821 5.5 850 31
822 1.6 424 474
823 1.6 35 231
824 1.1 220 624
825 1.4 262 132
826 1.1 581 235
827 1.0 65 982
828 3.0 947 90
829 2.2 45 650
830 1.2 370 957
831 1.2 407 722
832 1.2 566 870
833 2.3 832 552
834 1.0 851 332
835 2.5 994 231
836 1.1 421 628
837 1.8 213 552
838 39.3 975 284
839 3.5 989 806
840 24.7 746 814
841 2.0 874 622
842 1.0 918 881
843 3.4 163 40
844 14.9 168 489
845 2.4 978 953
846 1.0 778 76
847 1.7 454 715
848 1.8 277 638
849 1.4 250 61
850 1.1 506 288
851 13.8 65 42
852 1.9 659 962
853 7.8 736 529
854 7.1 359 870
855 4.0 878 568
856 1.7 396 726
857 4.1 422 629
858 3.2 879 738
859 1.0 986 31
860 4.6 657 103
861 1.2 707 188
862 3.3 765 726
863 4.5 918 563
864 1.1 818 62
865 1.7 442 759
866 1.2 82 168
867 2.3 403 373
868 1.7 730 392
869 5.5 110 21
870 1.6 97 315
871 2.2 841 923
872 1.4 788 672
873 8.7 718 790
874 1.3 405 934
875 1.1 536 48
876 1.6 744 533
877 2.2 44 788
878 5.1 177 185
879 1.2 259 823
880 1.3 396 400
881 2.8 600 341
882 2.7 55 785
883 4.8 766 870
884 3.8 884 785
885 1.3 983 718
886 2.4 250 116
887 2.6 220 306
888 1.8 280 419
889 1.6 489 590
890 21.2 151 547
891 1.4 736 367
892 1.0 961 332
893 1.9 489 33
894 1.4 878 359
895 2.7 110 450
896 2.0 301 56
897 4.3 408 990
898 1.4 591 686
899 1.1 85 626
900 3.9 166 273
901 2.5 273 65
902 2.2 683 457
903 1.0 898 218
904 1.0 65 257
905 2.8 866 114
906 2.6 518 821
907 1.2 42 517
908 2.3 551 449
909 1.6 801 99
910 3.4 259 399
911 3155.7 624 696
912 3.4 749 630
913 1.1 734 320
914 1.1 923 881
915 1.1 262 238
916 1.6 770 49
917 1.2 401 54
918 1.7 90 140
919 1.6 875 179
920 1.1 234 943
921 2.7 781 913
922 4.4 732 282
923 3.6 230 538
924 526.1 657 539
925 2.1 528 933
926 1.2 986 101
927 2.7 553 35
928 1.8 795 632
929 1.3 127 420
930 3.0 498 114
931 1.5 65 170
932 1.4 441 839
933 1.2 658 114
934 1.7 236 977
935 1.2 166 959
936 2.0 363 396
937 2.2 734 373
938 4.4 342 354
939 4.4 196 106
940 1.3 752 861
941 1.4 448 806
942 1.5 936 749
943 1.6 987 487
944 1.3 814 831
945 1.0 978 444
946 1.3 97 962
947 3.0 594 425
948 1.7 678 334
949 5.2 473 562
950 1.4 821 470
951 1.1 827 637
952 2.5 797 517
953 4.4 551 708
954 2.7 495 62
955 4.0 287 204
956 1.5 980 200
957 1.0 833 785
958 7.6 705 275
959 18.9 631 280
960 1.0 622 672
961 1.4 122 629
962 1.1 433 315
963 11.3 399 194
964 1.1 316 515
965 2.3 551 332
966 5.4 458 590
967 1.4 741 943
968 7.0 641 957
969 1.6 619 127
970 2.5 205 360
971 2.8 273 843
972 3.9 622 531
973 1.3 82 629
974 1.5 574 904
975 44.6 782 213
976 1.0 264 387
977 1.2 671 456
978 2.8 667 140
979 1.0 837 682
980 1.9 433 375
981 1.3 829 463
982 2.1 871 487
983 1.5 226 170
984 2.5 536 281
985 1.3 400 373
986 3.3 192 693
987 2.1 317 399
988 1.1 80 290
989 4.5 119 718
990 1.5 146 450
991 2.4 97 807
992 3.7 794 975
993 3.7 355 657
994 2.1 837 614
995 4.4 429 720
996 1.4 666 275
997 2.1 49 315
998 3.1 827 624
999 3.3 828 341
