0 2.6 17 47
1 4.0 53 73
2 2.5 21 54
3 1.1 83 68
4 1.8 1 19
5 1.0 53 73
6 10.8 95 19
7 2.4 63 48
8 5.2 50 33
9 5.4 24 14
10 1.6 64 69
11 19.5 24 66
12 5.2 21 14
13 1.1 58 48
14 1.2 83 31
15 2.4 99 56
16 2.5 14 76
17 4.0 61 14
18 1.1 99 37
19 5.5 50 29
20 1.0 64 57
21 1.0 99 47
22 33.0 58 87
23 2.4 66 5
24 7.1 58 35
25 3.1 2 31
26 1.0 1 79
27 1.1 2 5
28 1.2 30 5
29 1.6 2 66
30 4.5 14 47
31 1.3 57 3
32 2.6 96 89
33 1.2 50 66
34 1.3 36 29
35 1.0 30 76
36 1.4 29 41
37 1.0 55 14
38 1.7 46 79
39 2.5 99 87
40 1.4 17 57
41 4.8 3 68
42 1.0 63 48
43 1.9 14 33
44 2.6 61 19
45 2.5 17 29
46 1.1 46 35
47 3.0 29 87
48 2.0 53 47
49 3.2 96 37
50 1.6 14 73
51 1.0 14 31
52 2.6 53 31
53 1.2 30 79
54 1.2 99 69
55 3.0 11 3
56 2.3 63 89
57 3.1 14 33
58 1.3 11 63
59 1.2 95 89
60 2.2 66 25
61 1.0 99 3
62 1.5 24 29
63 1.7 50 19
64 1.0 55 34
65 7.9 83 66
66 4.5 24 87
67 2.6 29 47
68 1.4 1 56
69 1.3 83 89
70 1.1 50 54
71 1.5 35 68
72 1.7 33 54
73 1.2 53 75
74 2.1 55 31
75 1.3 95 48
76 2.7 63 87
77 4.6 64 5
78 1.9 46 33
79 3.8 53 66
80 2.5 53 47
81 28.7 55 79
82 2.5 95 81
83 1.1 21 41
84 1.3 83 87
85 1.2 30 63
86 1.3 66 47
87 9.7 1 34
88 4.4 55 5
89 1.1 52 31
90 1.0 36 19
91 3.0 12 89
92 2.9 66 73
93 1.3 2 44
94 1.1 35 47
95 1.0 11 33
96 9.9 83 79
97 1.4 96 27
98 1.6 12 87
99 1.5 95 81
