0 2.6 21 43
1 9.5 20 1
2 4.0 54 39
3 23.5 99 26
4 0.4 52 46
5 20.4 28 29
6 9.6 49 86
7 7.8 89 50
8 39.9 40 77
9 6.6 61 26
10 12.1 61 32
11 23.6 97 77
12 4.9 10 90
13 1.1 56 5
14 5.0 27 54
15 3.2 99 25
16 8.3 61 96
17 6.3 5 86
18 56.4 79 29
19 12.1 1 56
20 2.2 22 36
21 33.2 10 60
22 5.9 61 25
23 10.3 21 77
24 7.4 56 28
25 18.9 74 43
26 7.3 54 65
27 11.3 41 36
28 17.5 49 1
29 1.9 46 28
30 3.3 99 39
31 4.2 28 67
32 0.8 61 95
33 20.0 87 28
34 1.3 42 86
35 6.0 25 1
36 3.8 52 90
37 3.6 54 5
38 10.0 56 77
39 2.6 61 5
40 16.0 42 29
41 53.5 90 54
42 15.2 22 28
43 17.6 20 36
44 7.4 99 26
45 2.9 3 50
46 9.5 20 46
47 3.8 27 36
48 5.5 42 52
49 8.2 40 25
50 27.2 54 56
51 15.5 54 60
52 47.0 52 65
53 12.8 21 50
54 22.5 54 1
55 5.3 52 56
56 24.0 99 43
57 19.7 1 96
58 3.5 28 39
59 10.0 3 1
60 7.2 27 28
61 9.4 90 26
62 4.7 27 60
63 16.6 56 77
64 9.1 54 1
65 8.5 46 28
66 2.7 89 43
67 18.1 52 50
68 1.9 56 86
69 0.0 25 86
70 4.0 25 28
71 26.2 99 34
72 8.8 27 77
73 9.9 52 29
74 6.1 54 25
75 19.6 97 46
76 10.3 10 43
77 7.1 99 5
78 26.9 25 77
79 8.7 40 25
80 5.0 62 86
81 26.6 28 53
82 8.5 99 10
83 2.9 79 39
84 4.6 40 26
85 20.5 90 28
86 16.5 28 98
87 17.4 21 25
88 1.3 1 25
89 23.8 97 10
90 0.2 22 32
91 2.4 62 96
92 23.2 79 46
93 22.3 89 32
94 1.8 56 31
95 13.3 25 36
96 3.6 20 36
97 17.7 54 31
98 0.7 79 5
99 4.4 79 29
