0.05854140973288032
0.05840475119560081
0.051286043990156384
0.05111895519786098
0.05004527720063556
0.05001059284489154
0.04633420587515109
0.03360462124134229
0.031706036810764865
0.0312934971284868
0.03074385390296642
0.03049228293633016
0.029858349634280336
0.029239480581659188
0.028779128481682195
0.02813850047055395
0.02732608565898096
0.025349968326097868
0.024451866813053613
0.02431150237770911
0.02288668923502888
0.022764209150926664
0.02179706871447653
0.019803477986903014
0.019601191903397982
0.01736126817565267
0.016567023361250873
0.011151703221435503
0.008554010932582208
0.00788062056914615
0.007629905044414366
0.007363419854088351
0.007242692277479613
0.007209885827339782
0.007192511907680208
0.00716711387456253
0.007139808506971868
0.007138090011320258
0.007118588701391372
0.007048297753505397
0.007025674588079023
0.006940150578601661
0.006891866620227519
0.006822139596606246
0.006738986345504447
0.006599513286134861
0.006560201650251584
0.006502022396925949
0.006490260885586754
0.006484350081144618
0.006424058512236319
0.006282198835377535
0.0062331670417270875
0.00622970889901855
0.006213135743701276
0.006199269239198851
0.006192210963524333
0.006183702718684144
0.006178395357342829
0.006172543974292565
0.0061696549035074304
0.006169129101213316
0.006097984475131243
0.00607520427655814
0.005977290322024146
0.005949614123265816
0.005893215000216331
0.005864478988089668
0.005853768836601521
0.005848635623438702
0.005818647899142509
0.005817595735033688
0.005794647771516137
0.0057350767885655084
0.005729684214416326
0.005728460135880681
0.005695325963053768
0.005579407522759963
0.005552695604751053
0.005551268752041009
0.005515073798172293
0.005510095705102393
0.005337462375622861
0.005244109334582894
0.005212011406258105
0.005184483978075229
0.005178816873648364
0.005138570108775938
0.005094328772111329
0.005011251613178884
0.004999904081351492
0.004957892008918582
0.00490660779287487
0.004811834152775771
0.0046967458841520125
0.0045581662039309145
0.004510132898092055
0.004507238574345911
0.004368692701434264
0.004074006282767917
