0 17.0 87 12
1 10.0 70 27
2 12.0 96 38
3 9.0 75 98
4 12.0 93 83
5 10.0 55 17
6 5.0 70 12
7 11.0 7 16
8 7.0 70 27
9 9.0 55 64
10 13.0 49 70
11 11.0 55 92
12 13.0 70 17
13 10.0 73 83
14 12.0 51 12
15 9.0 91 60
16 11.0 78 47
17 10.0 70 32
18 7.0 55 22
19 10.0 27 56
20 11.0 67 62
21 17.0 74 98
22 12.0 74 64
23 8.0 53 62
24 13.0 68 60
25 17.0 87 61
26 8.0 49 89
27 14.0 33 70
28 8.0 75 64
29 10.0 55 32
30 11.0 40 68
31 6.0 40 83
32 11.0 55 47
33 8.0 80 56
34 8.0 16 92
35 9.0 40 12
36 3.0 96 89
37 14.0 70 64
38 7.0 68 31
39 6.0 51 92
40 10.0 7 89
41 10.0 33 40
42 13.0 66 60
43 9.0 55 83
44 8.0 74 47
45 7.0 96 27
46 8.0 55 61
47 9.0 96 89
48 10.0 75 68
49 13.0 71 89
50 6.0 93 64
51 12.0 78 16
52 12.0 49 61
53 8.0 49 60
54 13.0 80 27
55 11.0 35 56
56 15.0 74 27
57 8.0 64 32
58 11.0 68 83
59 11.0 33 38
60 13.0 7 64
61 8.0 59 70
62 13.0 70 22
63 12.0 33 97
64 12.0 71 61
65 8.0 3 89
66 8.0 71 27
67 13.0 96 16
68 12.0 74 89
69 9.0 49 27
70 10.0 75 16
71 15.0 55 64
72 13.0 43 68
73 8.0 55 47
74 6.0 73 38
75 10.0 91 32
76 9.0 74 60
77 10.0 55 11
78 7.0 80 89
79 15.0 55 27
80 5.0 56 22
81 10.0 68 64
82 8.0 40 17
83 18.0 35 97
84 10.0 71 68
85 12.0 56 68
86 11.0 51 64
87 13.0 87 76
88 10.0 67 11
89 9.0 43 65
90 10.0 80 61
91 9.0 33 28
92 7.0 40 12
93 12.0 67 68
94 10.0 69 83
95 11.0 49 31
96 16.0 55 12
97 7.0 75 56
98 8.0 51 65
99 6.0 71 45
