0.10792603689286523
0.08646706105716453
0.07600944440384833
0.0651270615905193
0.06016387202432139
0.05653491287325345
0.0467675602500282
0.044377749065574144
0.04388545387185834
0.03495661667756293
0.028755235991419735
0.02862786004872635
0.02820570481181377
0.025088868137772485
0.02456168407118322
0.02238856935306807
0.02082358538328127
0.01893834157405455
0.018686302959639484
0.01833111130660407
0.01802508562800578
0.015733801433176528
0.015166433916240984
0.014399332545598486
0.013760298288412286
0.01272277295202487
0.01197291945053323
0.011536943678766917
0.01124945609168152
0.010541218814017435
0.00976283051486172
0.009505801275539474
0.009350883316099387
0.008999021677982121
0.00872720930170935
0.008713358564172824
0.008612725599132532
0.00829383549827788
0.008265630560604302
0.007595052781960808
0.00700046896298842
0.006997246144678226
0.0066247726596076455
0.006599506469341894
0.0065849293008688765
0.0062567447344324565
0.005772459312972408
0.005515696779573873
0.0052026827717526645
0.004884993542785208
0.004581286780664
0.004529176262896795
0.0043346800501000505
0.004128234008209713
0.004088937851103003
0.003970983046722194
0.003946853533701224
0.0038839902583246814
0.003872160173192548
0.003870244709028388
0.0037318197545877134
0.0036985103698152534
0.0036208806720312747
0.003537042839345828
0.0034495459956168473
0.003213620805065537
0.003066821098673323
0.0027833385132046222
0.0027266763466027863
0.0025001949899420848
0.0024036363217105204
0.0022808386381678535
0.0022642910882000986
0.0022554470461894297
0.002223125903837423
0.002183567517489294
0.0021655151877420205
0.002134650090741618
0.0020856699860598064
0.001843060805401722
0.00181829383076389
0.0018081644733501645
0.0017615880839958345
0.0017592653801682863
0.0015413470877474662
0.0014886604587317407
0.001404507659395978
0.0013993520120674533
0.001381995223570062
0.001358622965190493
0.001350861338356336
0.0013149010938397823
0.0012327309387042368
0.001161297427827755
0.0011584016737593318
0.001152392848037613
0.0010198334069400942
0.0009012622097013158
0.0006695367627092095
0.0005713021946788179
