0 1.3 78 73
1 3.3 27 56
2 5.0 73 13
3 1.8 33 3
4 2.6 66 6
5 5.6 89 5
6 1.7 91 15
7 3.6 13 97
8 1.3 25 76
9 1.8 41 98
10 5.8 86 21
11 3.0 74 28
12 6.3 16 98
13 5.9 11 48
14 1.2 43 66
15 7.9 7 15
16 1.4 16 82
17 1.6 80 32
18 2.2 7 77
19 10.3 33 38
20 1.7 16 17
21 1.8 46 56
22 7.1 46 31
23 1.0 44 46
24 1.5 33 77
25 1.3 41 60
26 1.5 56 83
27 1.6 98 66
28 1.1 8 55
29 5.8 82 53
30 2.4 48 66
31 1.2 13 77
32 1.8 41 15
33 4.0 16 45
34 1.6 92 77
35 518.5 89 44
36 1.0 55 77
37 17.9 66 9
38 1.7 33 17
39 1.8 15 4
40 4.6 89 64
41 1.4 82 60
42 1.0 89 75
43 2.0 5 32
44 5.2 86 58
45 1.1 33 1
46 5.1 7 2
47 3.6 25 32
48 1.8 15 50
49 1.2 30 44
50 1.0 14 98
51 3.5 40 38
52 2.7 78 49
53 1.3 86 28
54 3.7 37 96
55 1.8 76 31
56 3.2 73 82
57 1.0 81 77
58 1.2 82 66
59 3.5 73 56
60 2.0 27 57
61 1.1 33 63
62 1.1 27 32
63 2.5 83 66
64 1.6 27 44
65 2.1 96 2
66 2.3 7 43
67 7.6 55 41
68 1.7 7 70
69 1.6 14 67
70 1.3 85 96
71 1.7 7 98
72 4.2 7 85
73 1.5 71 82
74 2.2 56 83
75 1.0 7 34
76 1.6 36 32
77 1.4 41 16
78 1.5 74 66
79 1.1 24 48
80 4.8 84 6
81 1.1 37 32
82 7.0 41 62
83 1.2 75 7
84 1.2 63 15
85 1.1 72 1
86 1.3 8 77
87 3.0 15 77
88 1.2 43 62
89 1.3 78 15
90 1.6 63 48
91 2.1 17 90
92 2.1 78 89
93 1.1 44 56
94 2.1 50 34
95 1.0 0 61
96 2.9 6 20
97 1.0 48 55
98 29.4 78 56
99 1.9 82 31
100 1.5 7 65
101 5.6 43 78
102 1.2 24 96
103 124.3 41 96
104 2.5 15 18
105 1.1 73 28
106 1.0 66 96
107 11.6 79 98
108 2.2 41 61
109 1.3 73 6
110 3.2 33 9
111 2.4 28 6
112 1009.1 82 86
113 1.2 36 55
114 6.3 46 82
115 1.6 17 56
116 3.5 14 52
117 1.1 7 77
118 2.1 4 66
119 1.6 85 11
120 2.7 86 96
121 6.8 77 75
122 2.2 55 10
123 1.2 0 98
124 1.2 88 77
125 1.0 17 15
126 1.4 81 75
127 2.8 73 31
128 1.0 48 82
129 16.9 7 11
130 8.5 73 66
131 16.3 73 75
132 5.1 16 38
133 14.9 26 59
134 1.3 7 27
135 1.1 82 77
136 2.0 42 98
137 3.2 86 78
138 1.0 43 6
139 1.5 46 96
140 1.4 57 96
141 11.1 47 95
142 4.8 38 0
143 2.4 48 42
144 1.7 73 27
145 1.3 33 66
146 1.5 33 91
147 1.1 97 67
148 1.0 11 55
149 1.4 27 48
150 1.3 73 15
151 5.9 27 50
152 5.0 78 17
153 2.4 24 20
154 1.1 27 16
155 1.3 7 56
156 3.9 66 9
157 1.0 73 31
158 1.9 85 62
159 2.9 7 31
160 1.4 91 56
161 3.3 16 78
162 1.0 33 92
163 1.4 50 77
164 3.2 55 17
165 1.6 30 34
166 1.6 27 80
167 9.1 73 10
168 1.4 17 43
169 2.9 4 56
170 1.6 7 66
171 152.8 12 6
172 1.6 51 17
173 1.8 7 75
174 1.2 33 98
175 1.4 37 58
176 1.1 13 5
177 1.8 9 16
178 1.8 15 80
179 1.6 16 56
180 1.2 44 79
181 1.2 73 41
182 1.2 30 57
183 1.9 43 71
184 1.7 56 31
185 7.0 82 69
186 1.3 14 79
187 3.1 66 80
188 1.0 14 99
189 2.3 83 3
190 1.5 78 82
191 1.7 15 31
192 109.0 82 96
193 4.7 88 20
194 3.7 94 34
195 2.2 66 33
196 4.3 82 15
197 5.3 75 7
198 1.0 49 31
199 1.6 33 96
200 1.3 14 28
201 4.3 7 56
202 1.4 44 6
203 1.0 7 89
204 1.9 75 56
205 2.2 27 56
206 3.2 78 77
207 1.0 74 15
208 6.4 82 92
209 1.1 73 63
210 1.7 67 81
211 1.1 73 15
212 2.6 33 62
213 2.3 33 11
214 1.3 9 14
215 11.8 82 30
216 1.0 82 34
217 1.3 50 56
218 3.5 73 31
219 1.5 36 54
220 3.1 43 12
221 2.8 82 56
222 1.5 8 61
223 1.0 89 77
224 1.5 50 34
225 5.1 39 75
226 1.0 7 10
227 30.0 58 9
228 1.6 41 56
229 1.4 43 32
230 1.0 1 2
231 5.8 73 78
232 2.0 91 58
233 2.6 74 53
234 1.7 17 9
235 2.6 66 8
236 1.3 26 66
237 3.1 88 48
238 1.1 66 6
239 5.4 43 56
240 2.4 14 1
241 1.0 82 20
242 2.4 9 11
243 1.5 73 93
244 4.7 8 48
245 10.9 7 44
246 1.3 61 15
247 5.1 66 74
248 1.3 78 60
249 3.7 90 92
250 1.8 55 53
251 1.4 33 56
252 19.4 30 70
253 1.4 74 6
254 2.6 43 41
255 3.7 49 10
256 1.2 78 95
257 1.1 73 11
258 2.8 27 61
259 3.5 82 28
260 1.3 44 96
261 1.2 33 41
262 1.6 83 77
263 4.0 27 20
264 1.3 86 62
265 1.0 36 21
266 2.5 44 56
267 1.5 27 38
268 15.9 85 77
269 1.0 13 3
270 1.0 8 16
271 1.0 7 56
272 4.2 66 57
273 2.3 72 6
274 3.0 85 82
275 1.0 8 85
276 2.4 7 16
277 2.1 86 66
278 1.4 27 80
279 4.0 6 7
280 1.0 4 31
281 1.5 66 83
282 1.3 33 70
283 1.1 62 31
284 1.1 71 48
285 1.8 30 34
286 1.7 16 6
287 2.5 73 62
288 2.0 73 15
289 5.1 86 19
290 1.1 66 34
291 1.5 16 75
292 1.2 41 93
293 1.0 39 56
294 2.7 44 17
295 1.3 33 5
296 94.8 30 31
297 1.5 82 83
298 1.0 82 31
299 2.1 73 16
300 1.1 66 57
301 1.3 33 11
302 1.0 26 45
303 3.9 0 33
304 1.1 16 93
305 4.7 37 57
306 2.0 30 21
307 1.5 5 32
308 3.4 27 53
309 48.0 78 23
310 3.9 12 32
311 9.0 48 99
312 1.1 7 11
313 1.6 40 17
314 1.4 37 56
315 1.7 48 88
316 1.9 55 96
317 3.6 66 31
318 8.8 43 66
319 1.1 73 15
320 1.7 69 56
321 1.3 78 62
322 1.3 82 1
323 1.0 35 25
324 1.2 74 16
325 1.8 6 53
326 3.8 84 62
327 1.6 86 55
328 1.5 71 52
329 20.5 74 17
330 1.2 15 52
331 4.7 16 58
332 2.6 60 15
333 1.9 74 88
334 1.8 7 75
335 57.7 10 66
336 2.6 73 77
337 1.2 8 53
338 2.6 83 57
339 1.8 78 62
340 27.8 97 95
341 4.4 48 41
342 1.7 86 75
343 3.7 73 28
344 1.5 37 66
345 2.4 73 57
346 3.5 5 98
347 3.2 43 67
348 1.4 74 77
349 1.0 16 15
350 1.0 17 15
351 2.0 82 76
352 1.0 27 96
353 1.9 43 98
354 1.4 7 77
355 1.0 45 11
356 1.8 82 15
357 3.6 60 48
358 1.0 7 59
359 1.2 48 75
360 1.2 73 58
361 1.0 46 87
362 3.7 7 53
363 1.4 73 48
364 3.4 92 76
365 3.5 56 77
366 2.3 66 1
367 2.3 79 28
368 1.1 51 32
369 35.7 73 44
370 1.8 95 53
371 4.3 27 82
372 5.5 33 96
373 10.9 7 78
374 2.5 82 15
375 5.0 7 32
376 1.5 97 56
377 2.5 27 98
378 8.1 0 82
379 1.1 73 62
380 1.9 66 81
381 3.4 89 98
382 1.2 78 77
383 4.3 95 32
384 3.5 30 53
385 1.7 14 98
386 1.0 33 49
387 3.1 38 56
388 1.3 14 3
389 1.5 0 80
390 1.2 46 79
391 1.3 39 42
392 1.0 86 56
393 1.4 41 15
394 2.1 27 78
395 1.5 69 89
396 15.2 73 76
397 2.5 15 66
398 1.7 43 6
399 4.5 8 98
400 1.0 71 77
401 1.2 7 66
402 1.2 43 56
403 1.0 14 89
404 4.7 73 66
405 4.3 66 98
406 1.2 81 52
407 8.1 7 83
408 1.2 86 82
409 10.2 42 58
410 1.0 73 33
411 5.1 90 62
412 3.0 7 57
413 1.1 39 82
414 1.0 24 56
415 3.1 35 11
416 1.2 86 8
417 1.1 0 61
418 1.3 15 27
419 2.9 56 61
420 1.2 85 28
421 1.4 24 62
422 1.4 7 66
423 1.1 27 82
424 1.0 49 11
425 1.3 85 48
426 1.1 44 31
427 4.7 88 59
428 2.1 73 77
429 9.8 8 38
430 8.8 41 82
431 7.8 75 62
432 2.2 27 77
433 3.1 54 48
434 26.1 84 95
435 1.7 30 59
436 2.2 36 82
437 4.3 43 76
438 16.7 4 11
439 2.5 15 31
440 2.3 14 99
441 1.1 87 77
442 1.0 80 77
443 4.7 16 72
444 1.0 15 17
445 2.3 83 93
446 1.9 27 82
447 1.4 30 15
448 2.1 13 96
449 2.3 36 48
450 1.4 44 31
451 3.5 27 56
452 1.2 14 15
453 6.4 75 95
454 1.0 14 31
455 1.7 85 63
456 1.6 15 53
457 4.7 59 96
458 1.0 11 75
459 1.3 12 98
460 2.1 79 98
461 3.0 82 23
462 2.1 74 82
463 1.3 14 31
464 1.1 9 20
465 1.3 7 41
466 1.4 9 75
467 30.1 27 41
468 9.8 66 28
469 1.3 66 58
470 1.4 78 66
471 3.9 86 98
472 2.5 64 57
473 1.1 83 98
474 1.0 62 22
475 3.2 66 28
476 5.6 41 28
477 1.5 8 63
478 1.9 86 76
479 1.0 86 41
480 1.2 7 20
481 6.0 21 62
482 14.3 69 96
483 57.7 26 32
484 4.5 36 56
485 1.3 15 31
486 3.8 66 77
487 1.0 48 28
488 1.6 86 3
489 24.4 56 78
490 1.2 73 77
491 1.6 71 66
492 1.6 27 93
493 4.2 43 28
494 1.4 45 56
495 1.6 16 34
496 1.4 82 3
497 2.6 80 11
498 4.3 7 48
499 1.0 73 49
500 2.5 93 61
501 1.9 78 28
502 8.2 48 2
503 2.6 95 48
504 1.1 41 15
505 1.2 19 98
506 1.5 99 17
507 1.6 44 7
508 1.6 24 82
509 10.6 63 15
510 1.5 7 17
511 1.1 33 98
512 1.0 59 82
513 2.0 33 96
514 2.6 0 11
515 1.5 51 61
516 1.0 16 22
517 1.7 75 15
518 1.7 16 7
519 39.4 10 98
520 1.8 33 6
521 3.6 13 56
522 3.2 27 55
523 4.0 50 41
524 1.2 73 53
525 2.1 37 16
526 5.1 7 75
527 1.1 86 47
528 2.7 43 15
529 2.0 97 96
530 1.3 50 27
531 1.5 34 6
532 5.6 73 77
533 2.7 23 1
534 1.5 50 66
535 1.0 7 66
536 3.2 37 60
537 1.4 27 77
538 1.2 33 66
539 1.4 74 93
540 1.2 27 56
541 1.3 8 58
542 1.4 16 98
543 1.5 55 31
544 1.7 47 61
545 1.2 66 15
546 1.0 43 98
547 276.1 66 55
548 2.9 7 15
549 2.0 16 48
550 2.4 8 56
551 7.8 82 28
552 1.3 86 33
553 1.0 92 16
554 1.6 7 28
555 24.4 69 47
556 1.7 85 3
557 1.2 3 28
558 6.4 83 74
559 2.1 41 93
560 54.3 27 32
561 1.1 7 82
562 2.4 43 87
563 6.0 38 32
564 1.6 14 70
565 17.2 0 96
566 1.1 16 96
567 1.8 5 31
568 1.8 7 93
569 1.6 43 20
570 2.6 7 56
571 7.1 27 28
572 3.8 41 38
573 1.0 37 95
574 2.2 35 60
575 1.9 52 63
576 1.2 7 23
577 3.7 64 28
578 2.1 7 15
579 3.5 82 15
580 1.3 86 89
581 1.0 85 37
582 1.0 40 98
583 1.4 11 1
584 1.6 74 32
585 1.0 4 82
586 1.3 73 11
587 1.5 33 85
588 1.2 27 47
589 2.0 38 61
590 1.8 8 62
591 1.7 66 32
592 4.3 66 51
593 1.4 33 32
594 4.6 66 55
595 1.2 73 62
596 25.0 50 77
597 6.6 72 44
598 15.9 7 97
599 1.2 82 98
600 1.1 86 77
601 4.7 8 31
602 1.0 44 16
603 2.2 17 51
604 2.0 27 15
605 2.2 16 17
606 4.9 75 32
607 5.1 73 62
608 5.4 30 75
609 2.4 25 64
610 10.8 41 77
611 1.9 63 41
612 4.3 56 38
613 1.5 33 7
614 1.6 27 98
615 1.3 11 41
616 1.2 39 13
617 1.7 83 6
618 1.6 73 62
619 1.9 35 93
620 4.3 66 56
621 1.3 48 15
622 1.1 48 58
623 1.2 93 6
624 1.9 27 34
625 2.4 33 71
626 1.5 85 11
627 5.6 30 57
628 2.0 30 11
629 4.1 7 13
630 1.2 85 61
631 2.3 97 39
632 1.3 33 38
633 2.0 67 15
634 1.0 33 53
635 1.7 83 58
636 1.2 61 98
637 5.9 56 16
638 11.3 87 56
639 2.3 93 77
640 2.2 33 56
641 1.2 98 49
642 1.2 33 43
643 1.2 15 98
644 4.6 17 98
645 2.0 93 77
646 1.5 50 13
647 1.4 84 55
648 5.4 84 33
649 4.5 66 11
650 1.5 73 41
651 4.7 43 32
652 1.0 82 17
653 1.7 73 85
654 5.9 73 93
655 2.2 43 7
656 1.0 56 32
657 2.9 43 89
658 1.9 41 45
659 3.1 24 79
660 1.1 48 95
661 7.4 71 48
662 1.7 71 82
663 1.7 83 60
664 1.8 55 31
665 1.3 16 62
666 6.2 30 50
667 2.0 40 76
668 1.0 85 51
669 10.2 15 56
670 1.5 93 98
671 1.0 98 20
672 1.0 50 63
673 1.3 24 15
674 1.1 6 20
675 1.2 84 56
676 1.6 7 28
677 15.7 9 60
678 2.5 83 51
679 1.1 43 98
680 1.3 74 5
681 1.8 47 56
682 1.0 73 66
683 9.7 27 15
684 1.5 82 15
685 3.9 83 1
686 1.5 85 98
687 1.1 25 17
688 2.3 28 98
689 1.0 33 51
690 19.1 4 15
691 2.5 15 11
692 8.3 33 15
693 1.8 56 96
694 4.8 66 96
695 2.7 48 25
696 1.7 6 15
697 7.1 72 20
698 4.1 85 15
699 6.0 16 83
700 1.9 41 53
701 1.2 78 25
702 3.3 33 15
703 4.1 66 98
704 1.7 43 55
705 1.3 83 96
706 1.5 10 7
707 2.2 43 61
708 2.8 27 11
709 4.6 71 70
710 1.0 0 77
711 3.0 8 10
712 1.5 81 53
713 3.6 43 96
714 3.7 71 76
715 1.2 78 41
716 2.6 33 19
717 1.0 85 56
718 3.0 5 50
719 1.5 80 96
720 1.1 67 56
721 1.7 26 49
722 2.2 7 79
723 2.1 7 56
724 9.6 66 11
725 1.2 75 82
726 4.9 82 10
727 1.0 25 17
728 1.1 19 86
729 1.3 46 98
730 1.0 55 21
731 1.3 27 48
732 2.6 27 83
733 3.0 14 17
734 2.0 85 93
735 1.6 15 3
736 1.2 70 1
737 1.3 82 87
738 1.5 52 77
739 2.0 30 31
740 1.2 50 15
741 2.0 3 19
742 2.1 86 95
743 1.7 27 66
744 1.5 14 96
745 3.7 43 53
746 1.0 66 31
747 1.6 7 41
748 3.3 27 15
749 2.4 79 56
750 1.0 8 31
751 1.2 30 48
752 1.8 14 52
753 1.2 51 32
754 1.6 66 21
755 1.5 73 7
756 1.2 43 41
757 2.9 75 77
758 1.9 25 6
759 2.1 48 41
760 1.3 71 17
761 1.9 66 41
762 16.8 66 35
763 4.7 1 93
764 1.5 27 75
765 1.3 82 98
766 5.4 24 31
767 1.5 74 77
768 1.2 48 4
769 1.1 66 82
770 4.2 27 77
771 2.9 27 77
772 3.4 38 32
773 11.2 86 98
774 2.2 74 82
775 7.7 27 41
776 1.1 95 23
777 1.8 82 66
778 7.9 27 83
779 23.7 16 96
780 3.8 78 48
781 10.8 60 1
782 1.9 82 16
783 1.1 56 15
784 1.2 58 44
785 1.4 10 56
786 10.4 48 98
787 1.0 73 32
788 1.0 7 77
789 1.0 39 78
790 3.5 49 6
791 1.7 33 28
792 1.0 62 48
793 1.2 46 66
794 1.2 82 37
795 1.2 13 28
796 4.0 55 51
797 2.8 81 48
798 1.1 86 93
799 2.1 60 98
800 2.5 8 38
801 1.2 43 31
802 2.8 43 98
803 2.7 82 38
804 3.8 79 81
805 3.2 73 66
806 23.7 0 44
807 1.1 37 15
808 5.1 48 51
809 1.1 71 28
810 1.6 43 94
811 1.3 31 62
812 4.2 31 56
813 7.2 78 51
814 7.6 25 38
815 9.5 50 90
816 1.1 33 17
817 4.1 43 70
818 2.1 54 61
819 4.6 14 99
820 2.5 41 77
821 6.7 78 77
822 2.1 24 6
823 1.0 48 15
824 2.0 25 2
825 1.4 78 15
826 1.2 82 61
827 1.3 66 11
828 1.4 39 91
829 1.8 16 57
830 11.9 56 7
831 1.4 33 77
832 1.0 41 78
833 17.1 5 80
834 20.1 78 76
835 2.5 50 6
836 7.2 90 15
837 1.6 56 77
838 5.8 16 49
839 1.6 7 66
840 1.3 55 96
841 2.8 78 77
842 1.0 20 55
843 2.0 41 15
844 4.1 4 62
845 14.0 86 7
846 1.6 46 41
847 3.7 32 23
848 1.0 7 98
849 1.1 7 77
850 25.7 26 76
851 1.9 87 98
852 1.1 51 6
853 1.1 78 76
854 14.7 33 6
855 1.7 8 15
856 5.0 27 49
857 2.2 23 41
858 1.9 73 55
859 3.2 7 15
860 3.3 73 41
861 2.8 17 96
862 1.1 27 56
863 1.6 75 31
864 1.1 84 17
865 2.1 39 80
866 1.0 27 41
867 6.8 59 55
868 3.6 64 49
869 1.4 43 22
870 1.2 14 32
871 1.6 71 98
872 1.3 85 36
873 9.2 7 15
874 1.2 15 85
875 1.0 16 6
876 1.4 73 77
877 17.1 44 3
878 1.8 7 98
879 1.4 15 31
880 1.4 73 24
881 3.2 78 11
882 3.7 30 56
883 4.2 43 38
884 8.2 56 89
885 1.0 53 56
886 1.1 24 31
887 1.6 14 28
888 1.3 73 31
889 1.4 24 56
890 1.9 74 15
891 3.4 71 77
892 4.8 7 15
893 1.5 46 67
894 1.5 71 88
895 3.1 37 76
896 1.7 33 55
897 1.8 89 11
898 6.5 24 7
899 2.4 43 11
900 1.0 82 10
901 1.7 97 49
902 4.6 15 62
903 1.1 91 35
904 1.2 78 28
905 1.0 73 41
906 6.9 66 57
907 2.3 78 32
908 4.4 81 98
909 1.3 50 41
910 1.6 97 6
911 89.7 27 98
912 5.5 73 31
913 1.3 38 1
914 1.0 16 11
915 1.8 95 3
916 2.1 38 62
917 1.1 97 15
918 1.3 48 10
919 3.7 7 10
920 11.7 78 83
921 9.6 49 48
922 2.3 86 53
923 1.8 30 56
924 225.5 27 16
925 21.7 84 77
926 1.0 37 66
927 2.7 45 62
928 1.3 39 10
929 1.7 70 55
930 1.0 27 38
931 2.5 8 1
932 3.6 83 66
933 1.5 7 56
934 2.1 27 40
935 6.0 66 11
936 1.2 55 28
937 7.9 14 61
938 1.4 67 15
939 1.0 73 32
940 1.0 33 41
941 1.4 83 77
942 1.8 56 22
943 1.7 55 43
944 5.8 33 66
945 1.3 83 28
946 2.4 33 52
947 1.4 16 77
948 1.5 41 56
949 1.0 86 6
950 1.2 15 8
951 1.0 66 98
952 1.1 44 3
953 1.9 7 15
954 3.1 25 60
955 1.0 30 76
956 2.6 55 10
957 1.2 51 15
958 1.3 41 77
959 1.1 71 62
960 1.1 84 12
961 1.3 56 17
962 3.2 86 89
963 1.8 7 53
964 6.5 14 56
965 1.8 27 15
966 1.4 88 51
967 1.2 71 92
968 1.7 43 96
969 1.5 33 41
970 4.9 31 99
971 2.9 27 11
972 5.2 44 82
973 1.6 27 87
974 3.6 52 33
975 2.7 15 38
976 1.6 83 55
977 6.2 15 56
978 5.1 7 33
979 6.4 6 55
980 1.3 48 56
981 1.7 66 63
982 1.3 34 53
983 1.1 25 48
984 2.4 7 98
985 1.1 43 20
986 4.4 9 56
987 1.4 36 16
988 1.3 95 28
989 1.0 15 31
990 1.0 30 41
991 1.7 74 98
992 7.5 66 90
993 2.0 55 15
994 4.3 37 28
995 1.5 33 3
996 1.3 91 53
997 1.0 55 30
998 7.7 97 32
999 2.5 49 31
