0.07257049816826419
0.07254847296580581
0.06744290662568095
0.06660149032370813
0.06447049221461326
0.060776266258534176
0.05034050574426894
0.048430594503127665
0.04826393422893304
0.046228763210004804
0.042291761878955794
0.04218103014330412
0.040758030865419445
0.03945897592993625
0.026358285539478013
0.024344352959909884
0.02351968368382948
0.022591451016866708
0.013565584289350343
0.01025368020756794
0.009742816668925198
0.009146543805356951
0.009025645466349257
0.0087590838695002
0.008702393026710468
0.008248618854635202
0.008214237863212395
0.008204117929049393
0.00810058699696349
0.007998238130391501
0.007933116776444465
0.007859502408633267
0.007813462814121987
0.007772070496870147
0.007694789458074092
0.007535028758655003
0.007513622932256124
0.007457363251382564
0.007450490758814935
0.007386150342987732
0.007313147106341408
0.007288049210872729
0.007192995140310583
0.007153701825262087
0.0070877364705872374
0.007077350897116532
0.007034435680139308
0.006935055108113072
0.006921869083310158
0.006876005032893622
0.006813521307972174
0.006798687514918804
0.006728155187862883
0.006719088712963165
0.006632262614976207
0.006543452199497238
0.006495260860264704
0.00647538877661333
0.006468443067130872
0.006468261012128818
0.006452840986780731
0.006441908788943913
0.006402965920457878
0.006401290286394126
0.0063887761999943
0.006377142960271919
0.006343157880219182
0.006316836284726376
0.006303640051213316
0.006259530112608804
0.006148509068077079
0.006135154845540358
0.0061224336328624335
0.006086561280843314
0.006075335973524083
0.006054321920973295
0.006028904405188538
0.00600278361140604
0.005982591402878654
0.00596745091708819
0.005953924275974093
0.0059470573082152055
0.0059359138232508825
0.005877467396964419
0.005875332839032606
0.005810129862289093
0.005805135286491266
0.00579152697911728
0.005767740210199467
0.005685394839112836
0.005684746143694819
0.005666276023514776
0.005507063991091522
0.005502176500251861
0.005389266809392291
0.005352653548357277
0.005248040456858525
0.005150848156601639
0.005107847438329717
0.004954518002089898
