0 29.6 95 13
1 2.5 89 81
2 13.1 81 88
3 1.3 24 88
4 1.0 57 29
5 6.1 78 23
6 5.7 89 56
7 57.5 58 22
8 0.0 50 71
9 20.1 71 21
10 6.6 93 21
11 9.8 37 70
12 12.7 95 56
13 6.0 50 87
14 2.6 61 29
15 8.2 29 15
16 8.5 63 49
17 7.1 31 56
18 12.7 51 49
19 20.1 62 70
20 9.3 63 88
21 3.3 93 83
22 14.7 5 42
23 16.7 99 22
24 13.9 44 78
25 25.5 59 0
26 7.5 71 88
27 0.3 76 79
28 16.1 90 70
29 8.3 42 71
30 19.5 93 0
31 2.2 57 78
32 4.8 57 21
33 2.1 42 78
34 1.2 42 46
35 6.5 44 21
36 7.1 50 81
37 9.5 33 17
38 1.2 57 92
39 5.6 15 90
40 5.8 29 13
41 5.6 5 13
42 2.1 74 92
43 9.4 50 87
44 10.3 89 22
45 5.4 42 70
46 5.4 50 42
47 0.7 5 36
48 43.2 95 23
49 10.7 63 17
50 16.3 58 87
51 18.9 50 29
52 0.8 58 29
53 10.0 5 49
54 3.3 50 42
55 10.2 33 70
56 8.9 63 17
57 7.5 44 92
58 2.5 5 34
59 4.3 57 0
60 19.6 93 22
61 6.6 59 0
62 17.9 95 49
63 0.1 90 0
64 0.3 30 0
65 30.7 76 88
66 1.9 93 17
67 2.9 5 70
68 0.7 57 70
69 31.7 90 21
70 8.1 90 88
71 0.6 50 70
72 1.6 65 90
73 0.1 42 83
74 10.5 50 56
75 7.7 63 0
76 10.6 74 22
77 1.6 62 51
78 16.8 57 13
79 4.9 95 29
80 7.9 71 14
81 45.4 74 42
82 1.2 30 53
83 2.9 5 29
84 2.1 95 49
85 3.9 5 13
86 17.3 90 49
87 0.6 33 58
88 3.1 42 53
89 14.5 76 81
90 9.5 71 92
91 2.6 76 22
92 21.4 63 0
93 18.5 71 29
94 8.4 93 87
95 10.5 44 81
96 0.6 44 22
97 20.1 95 29
98 0.9 5 49
99 35.9 76 81
