34815270 8.67876 226 16547
34815500 736.24814 1021 7418
34815990 45.1 3855 9
34816700 457.371158261 1021 5274
34816810 1.135 52774 264
34817320 0.072323 16546 226
34817590 650.907 260 7155
34818060 456.2713424 3855 9
34820260 0.0072323 16793 47866
34821050 0.0072323 16793 17345
34821070 0.0072323 16793 17345
34821170 0.0072323 16793 17345
34822320 3.61615 226 7968
34823510 0.72323 4942 9
34824350 433.938 226 3855
34824490 361.615 260 3855
34824500 1446.46 1021 3855
34824760 6.69203556 6745 264
34825710 10.84845 7597 28
34826400 30.0 41789 4850
34827120 0.00194 16793 6703
34828100 10.76 264 4942
34828700 2029.889641 1021 7284
34829000 2.27 1646 4777
34829060 0.72323 15150 7533
34829420 0.0072323 16793 6949
34829760 0.00194 16793 6683
34829980 18080.75 1656 9
34830040 7.95553 226 8044
34830490 2892.92 7856 0
34832650 15.0 3161 631
34832950 1442.12062 5462 328
34833310 0.0072323 16793 512
34833530 4.700995 7769 28
34833800 2892.92 1021 3360
34833910 15.0 3161 21751
34834210 9.835928 7769 28
34834450 0.00194 16793 1926
34834650 60.0 3161 5394
34835060 8.397865 264 52742
34836110 7.2323 52977 9
34836140 0.00194 16793 17348
34836420 0.3 26675 6395
34836550 0.0072323 16793 17298
34837560 347.1504 226 13109
34837630 0.00194 16793 7043
34837730 0.72323 7533 15150
34837740 0.72323 7533 15150
34837870 0.00194 16793 7043
34838200 0.72323 7533 15150
34838210 0.72323 7533 15150
34838300 433.938 5274 9
34838800 0.72323 7533 15150
34838811 0.72323 7533 15150
34838820 105.0 3161 4542
34838820 0.72323 7533 15150
34838870 0.72323 15150 7533
34838920 15.0 7445 6574
34838970 0.72323 7533 15150
34839040 0.72323 15150 7533
34839100 1446.46 7284 9
34839100 0.72323 7533 15150
34839110 0.72323 7533 15150
34839140 0.72323 15150 7533
34839180 0.00194 16793 6923
34839250 0.72323 7533 15150
34839260 0.72323 7533 15150
34839270 0.72323 15150 7533
34839350 3.61615 7796 9
34839380 0.72323 7533 15150
34839480 295.07784 7844 9
34839510 0.72323 15150 7533
34839530 0.72323 7533 15150
34839650 0.72323 15150 7533
34839670 0.72323 7533 15150
34839770 0.72323 15150 7533
34839800 0.72323 7533 15150
34839810 0.72323 7533 15150
34839890 0.72323 15150 7533
34839940 0.72323 7533 15150
34839950 0.72323 7533 15150
34840010 0.72323 15150 7533
34840090 0.72323 7533 15150
34840130 0.72323 15150 7533
34840230 0.72323 7533 15150
34840260 0.72323 15150 7533
34840360 0.72323 7533 15150
34840370 0.72323 7533 15150
34840400 0.72323 15150 7533
34840510 0.72323 7533 15150
34840520 0.72323 7533 15150
34840530 0.72323 15150 7533
34840660 0.72323 7533 15150
34840660 6.5090627677 3491 16549
34840760 0.72323 15150 7533
34840810 0.72323 7533 15150
34840890 0.72323 15150 7533
34840960 0.72323 7533 15150
34841020 0.72323 15150 7533
34841080 0.72323 7533 15150
34841120 0.72323 15150 7533
34841220 0.72323 7533 15150
34841240 0.72323 15150 7533
34841350 0.72323 7533 15150
34841380 0.72323 15150 7533
34841500 0.72323 7533 15150
34841630 0.72323 15150 7533
34841640 0.72323 7533 15150
34841650 0.72323 7533 15150
34841760 0.72323 15150 7533
34841820 0.72323 7533 15150
34841880 0.72323 15150 7533
34841970 0.72323 7533 15150
34841980 0.72323 7533 15150
34842010 0.72323 15150 7533
34842120 0.72323 7533 15150
34842130 0.72323 7533 15150
34842140 0.72323 15150 7533
34842260 0.72323 7533 15150
34842260 17.35752 7597 28
34842280 0.72323 15150 7533
34842400 0.72323 7533 15150
34842410 0.72323 15150 7533
34842420 0.72323 7533 15150
34842510 274.8274 1021 6314
34842800 15.0 41136 15996
34842870 256.751134026 1021 5274
34842890 300.0 3161 6329
34842890 15.0 6395 5514
34843110 723.23 1021 7772
34843240 45.0 8905 433
34843320 0.0072323 16793 17287
34843490 300.0 21608 7275
34843540 30.0 3161 21578
34843570 0.00194 16793 2518
34843820 86.506472 6361 7201
34843950 0.289292 16549 3491
34844020 2.89292 16549 3491
34844300 135.894917 1021 1429
34845250 15.0 7239 7275
34845400 7.2323 7726 9
34845830 0.3 7842 12894
34845980 15.0 6395 26776
34846670 0.00194 16793 17326
34846750 7.2323 3491 28
34847210 300.0 3161 21296
34847520 1.5 26610 21384
34847720 7.5 6395 6844
34848290 0.00194 16793 6125
34848500 129.75 19291 6395
34848550 224.2013 1021 4066
34848830 1.5 26610 21384
34848840 1.5 26610 21384
34849740 7.2323 1021 7726
34849830 0.0361615 16793 16861
34850320 7.2323 7726 0
34850470 7.2323 7726 0
34850550 7.2323 7726 0
34850650 0.0072323 16793 16971
34851310 121.425 25178 6395
34851800 1084.772677 1021 4767
34851980 0.00194 16793 7614
34852330 1.5 26610 21384
34853060 7.2323 7726 185
34853070 2.269773 264 7229
34853420 0.72323 7726 226
34853680 450.0 6395 25289
34853700 137.992284 41631 15981
34853910 723.23 1021 3506
34854040 150.0 6395 7882
34854080 75.0 7882 7842
34854110 75.0 7882 21073
34854160 15.0 6395 7812
34854840 99.9 19036 184
34855470 75.3 26600 6395
34855490 75.0 6395 24610
34856010 0.00194 16793 17304
34856720 7.2323 226 7726
34856780 1084.772677 4767 9
34857640 0.0072323 16793 17369
34858480 8.87330887 7857 9
34859120 43.5 18970 184
34859350 1200.0 3506 184
34859390 2.043 6745 264
34859830 14.4646 226 16550
34860020 0.15 6302 433
34860110 0.15 7842 12894
34860110 1.5 26610 21384
34860120 1.5 26610 21384
34860200 0.15 53728 6302
34860390 15.75 765 6395
34860560 1.086 26493 6257
34860610 14.8994999985 26715 6257
34861080 9.6 6257 6395
34861290 0.15 53728 6302
34861610 30.0 6395 26771
34861920 2169.69 3699 9
34861950 907.2 4767 184
34862190 1381.35 4767 6395
34862200 433.938 5274 9
34862330 150.0 6395 26689
34862370 216.0 17250 184
34862480 354.888961 5274 9
34862610 321.0779585 3855 226
34862720 44.261676 5274 9
34862820 75.0 5203 6395
34862830 57.126472 6361 7201
34864610 0.838295893 5274 9
34865760 15.0 3161 21754
34865900 650.907 7155 185
34866240 75.0 3161 21754
34866290 1.5 26610 21384
34866380 222.320902 6649 7144
34866560 0.3 7842 12894
34866580 0.3 7842 12894
34866730 60.0 5172 6395
34867110 72.323 4942 9
34867280 7.2323 4942 9
34867320 7.2323 4942 9
34867390 21.6969 4942 9
34867430 7.2323 4942 9
34868580 0.72323 7533 15150
34868590 0.72323 7533 15150
34868600 0.72323 15150 7533
34868600 0.72323 7533 15150
34868600 0.72323 15150 7533
34868620 0.72323 15150 7533
34868630 181.544999999 21598 184
34868690 0.0072323 16793 7172
34868690 75.0 6395 26753
34868730 0.72323 7533 15150
34868740 0.72323 7533 15150
34868750 0.72323 15150 7533
34868750 0.72323 7533 15150
34868760 0.72323 7533 15150
34868770 0.72323 7533 15150
34868780 0.72323 7533 15150
34868880 0.72323 15150 7533
34868880 6826.56797 3117 9
34868890 0.72323 15150 7533
34868900 0.72323 15150 7533
34868910 0.72323 7533 15150
34868920 0.72323 7533 15150
34869040 0.72323 15150 7533
34869050 0.72323 15150 7533
34869050 0.72323 7533 15150
34869060 0.72323 15150 7533
34869060 0.72323 7533 15150
34869060 0.72323 15150 7533
34869070 0.72323 7533 15150
34869070 0.72323 15150 7533
34869080 0.72323 7533 15150
34869080 0.72323 15150 7533
34869090 0.72323 15150 7533
34869090 0.72323 7533 15150
34869100 0.72323 7533 15150
34869100 0.72323 15150 7533
34869110 0.72323 7533 15150
34869110 0.72323 15150 7533
34869120 0.72323 7533 15150
34869130 0.72323 7533 15150
34869140 0.72323 7533 15150
34869160 176.1354342 3855 226
34869200 433.938 1021 5274
34869230 0.72323 15150 7533
34869240 0.72323 15150 7533
34869250 0.72323 15150 7533
34869260 0.72323 15150 7533
34869290 2250.0 6395 26525
34869390 0.72323 15150 7533
34869400 0.72323 15150 7533
34869800 1012.52199277 1021 3287
34870200 0.00194 16793 17259
34870270 638.105829 7856 28
34870360 0.0361615 16793 17342
34871270 0.0072323 16793 52856
34871720 150.0 8923 6395
34871730 0.72323 7533 15150
34871770 0.72323 15150 7533
34871870 0.72323 7533 15150
34871920 0.72323 15150 7533
34872250 0.00194 16793 7170
34872510 0.15 7842 12894
34872510 1.5 26610 21384
34873190 0.00194 16793 17256
34874400 0.6 7842 12894
34874430 0.144646 24399 1814
34874470 0.144646 1814 24399
34874560 0.144646 1898 24399
34874660 0.144646 24399 1814
34874690 0.00795553 24399 1814
34874740 0.00072323 1898 24399
34874770 0.072323 5930 226
34874800 0.00650907 24399 1898
34874830 0.01301814 1898 24399
34874990 0.00072323 1814 24399
34875050 36.1615 7858 226
34875180 14.4646 5930 226
34875400 0.0361615 16793 5734
34875460 137.77893115 1021 7144
34875560 2892.92 5930 226
34875620 0.72323 7533 15150
34875630 0.72323 7533 15150
34875640 578.584 5930 226
34875670 0.72323 15150 7533
34875680 0.72323 15150 7533
34875690 0.72323 15150 7533
34875750 216.969 226 7326
34875860 15.0 26176 6395
34875980 0.72323 15150 7533
34876110 34.8162922 226 8260
34876150 1125.0 3161 2324
34876250 0.72323 7533 15150
34876260 0.72323 7533 15150
34876270 0.72323 7533 15150
34876271 0.72323 7533 15150
34876330 0.72323 15150 7533
34876340 0.72323 15150 7533
34876390 13.5 21283 21081
34876400 0.72323 7533 15150
34876490 0.72323 15150 7533
34876560 0.72323 7533 15150
34876640 0.72323 15150 7533
34876700 69.5313322 226 8260
34876850 0.72323 7533 15150
34876870 0.72323 7533 15150
34876880 0.72323 7533 15150
34876890 0.72323 7533 15150
34876940 0.72323 15150 7533
34876950 0.72323 15150 7533
34876960 0.72323 15150 7533
34877020 0.72323 7533 15150
34877030 0.72323 7533 15150
34877040 0.72323 7533 15150
34877080 0.72323 15150 7533
34877090 0.72323 15150 7533
34877100 0.72323 15150 7533
34877110 0.72323 15150 7533
34877170 0.72323 7533 15150
34877180 0.72323 7533 15150
34877250 0.72323 15150 7533
34877260 0.72323 15150 7533
34877320 0.72323 7533 15150
34877330 0.72323 7533 15150
34877340 26.0145831 226 8260
34877340 0.72323 7533 15150
34877350 0.72323 7533 15150
34877360 0.72323 7533 15150
34877400 0.72323 15150 7533
34877410 0.72323 15150 7533
34877420 0.72323 15150 7533
34877420 1084.845 1021 4081
34877430 0.72323 15150 7533
34877430 60.0 21073 7882
34877430 0.72323 15150 7533
34877440 0.72323 15150 7533
34877490 15.0 3161 631
34877500 0.72323 7533 15150
34877510 0.72323 7533 15150
34877520 0.72323 7533 15150
34877540 224.2013 4066 9
34877550 0.15 7842 12894
34877550 1.5 26610 21384
34877560 0.72323 15150 7533
34877570 0.72323 15150 7533
34877570 0.15 7842 12894
34877650 723.23 5930 226
34877660 563.55 20810 6395
34877670 11.189235976 5792 9
34877680 723.23 5930 226
34877690 150.0 6395 781
34877690 1.5 26610 21384
34877690 0.3 7842 12894
34877700 0.3 7842 12894
34877710 0.3 7842 12894
34877720 0.72323 15150 7533
34877730 0.72323 15150 7533
34877740 0.72323 15150 7533
34877860 0.72323 15150 7533
34877861 0.72323 15150 7533
34877880 0.72323 15150 7533
34877890 0.72323 15150 7533
34878590 159.1106 747 9
34878710 46.65 26428 6395
34878740 1446.46 3699 9
34879020 60.0 7882 14026
34879130 15.0 6395 26757
34879200 21.6969 747 9
34879240 150.0 6395 7824
34879240 9.8642 1410 417
34879410 28.9292 1021 7454
34879530 0.72323 15150 7533
34879530 0.00194 16793 17259
34879540 0.72323 15150 7533
34879550 0.72323 15150 7533
34879560 0.72323 15150 7533
34879570 0.72323 15150 7533
34879580 0.72323 15150 7533
34879590 0.72323 15150 7533
34879600 0.72323 15150 7533
34879680 14.8 417 1410
34879930 0.00194 16793 17205
34880050 1157.0595155 1021 5593
34880210 300.0 6395 781
34880340 72.323 260 747
34880450 150.0 6395 25896
34880480 0.00194 16793 17330
34880610 1.611935024 1021 7726
34880650 2414.25 4995 8714
34881070 548.039999998 4989 6395
34881560 0.72323 15150 7533
34881800 0.3 7842 12894
34881800 0.15 14026 11267
34881810 0.15 14026 11267
34881810 0.3 7842 12894
34882020 0.15 7842 12894
34882150 9.0 21073 26779
34882160 129.45 21612 6395
34882460 229.321761168 226 747
34882750 0.0097 16793 948
34882770 0.289292 3491 226
34882880 9.0 12894 21755
34882970 750.0 3161 21754
34882980 55.0 260 843
34883040 30.0 6395 24609
34883610 144.646 1021 4750
34883740 110.0 843 15997
34883780 0.00194 16793 17329
34883800 15.0 3161 21756
34884040 110.0 15997 185
34884140 0.15 7842 12894
34884140 0.3 14026 11267
34884150 0.15 7842 12894
34884150 0.3 14026 11267
34884280 15.0 6395 26758
34884550 0.00194 16793 6133
34884590 1.5 21384 26610
34884600 1.5 21384 26610
34884610 1.5 21384 26610
34884780 27.8979999974 7856 959
34884950 386.6032 7856 959
34885210 45.0 3161 21756
34885490 750.0 6395 776
34885500 72.52 29 11759
34885600 3798.3605662 7856 959
34885790 76.011473 7856 959
34885870 0.0621326893 7856 959
34885920 0.003688473 7856 959
34886130 0.00194 16793 17362
34886180 0.00194 16793 17350
34886190 5.92 29 1410
34886220 23.288006 7726 185
34886230 68.471510958 7856 959
34886500 4.46588 17362 28
34886710 750.0 3161 21757
34886740 72.323 7155 9
34886810 1500.0 6395 26781
34886830 0.015 21754 18938
34886850 23.288006 260 7726
34886910 109.423852821 1021 6393
34886950 130.1814 7155 9
34887150 130.1814 7155 9
34887360 7.2323 7155 9
34887560 1.44646 1021 3477
34887660 72.323 7155 185
34887820 373.331326 1021 7155
34888080 36.1615 260 7144
34888930 15.0 6574 7445
34889340 0.00194 16793 5886
34889900 28.9292 1021 7867
34890700 0.15 14026 11267
34890710 0.15 14026 11267
34890710 0.6 7842 12894
34890710 1.5 26610 21384
34890720 0.6 7842 12894
34890720 0.15 14026 11267
34890720 0.6 7842 12894
34890730 1.5 26610 21384
34890730 0.6 7842 12894
34890730 0.15 14026 11267
34890730 1.5 26610 21384
34890740 0.6 7842 12894
34890740 0.15 14026 11267
34890740 1.5 26610 21384
34890750 30.0 3010 186
34890750 1.5 26610 21384
34890750 0.6 7842 12894
34890750 1.5 26610 21384
34890750 0.15 14026 11267
34890760 0.6 7842 12894
34890760 1.5 26610 21384
34890770 1.5 26610 21384
34890770 0.6 7842 12894
34890780 0.6 7842 12894
34890780 1.5 26610 21384
34890790 1.5 26610 21384
34890790 0.6 7842 12894
34890790 1.5 26610 21384
34890800 0.6 7842 12894
34890980 0.72323 15150 7533
