59693970 918.509568489 12087 12092
59693970 5120.50341156 12086 12091
59693970 1909.58071525 12086 12091
59693970 1681.17816104 12083 12088
59693970 521.134292074 12086 12091
59693970 26465.8134931 12083 12088
59693980 72.323 11004 9
59693990 7788.01731766 12083 12088
59694010 627.122306676 12085 12090
59694020 4.8 50644 51911
59694020 72.323 11004 9
59694020 4.8 50644 51911
59694080 72.323 11004 9
59694120 110.0 43512 10461
59694170 2.4 50644 51911
59694180 1100.0 8930 8598
59694180 2.4 50644 51911
59694190 2.4 50644 51911
59694220 2.4 50644 51911
59694230 4.8 50644 51911
59694250 4.8 50644 51911
59694400 4.8 50644 51911
59694460 55.0 43512 47032
59694590 3616.15 13679 14
59694610 220.0 43512 7369
59694620 37.824383 6729 53460
59694630 4.8 50644 51911
59694660 4.8 50644 51911
59694750 1760.0 43512 45065
59694760 38.055224 8878 55788
59694760 72.323 11004 9
59694810 72.323 11004 9
59694850 38.055224 8878 6729
59694860 4.8 50644 51911
59694880 11.0 43512 2049
59694900 4.8 50644 51911
59694940 345.834953115 41631 4275
59695100 6635.2 43512 46919
59695270 0.3 50644 51911
59695350 396.109020912 1021 10217
59695570 0.15 50644 51911
59695590 2125.57297 9949 9
59695590 0.15 50644 51911
59695770 0.15 50644 51911
59695780 0.15 50644 51911
59695800 0.3 50644 51911
59695810 0.3 50644 51911
59695840 0.6 50644 51911
59695860 0.6 50644 51911
59695870 0.6 50644 51911
59695870 1.2 50644 51911
59695910 2.4 50644 51911
59695910 4.8 50644 51911
59695910 2.4 50644 51911
59695940 9.6 50644 51911
59695940 4.8 50644 51911
59695940 9.6 50644 51911
59695940 4.8 50644 51911
59695940 9.6 50644 51911
59695940 4.8 50644 51911
59695940 9.6 50644 51911
59695940 4.8 50644 51911
59695940 9.6 50644 51911
59696000 19.2 50644 51911
59696040 0.3 50644 51911
59696050 19.2 50644 51911
59696080 19.2 50644 51911
59696100 960.0 11100 6219
59696100 19.2 50644 51911
59696130 19.2 50644 51911
59696180 960.0 11100 6219
59696220 576.0 11100 6219
59696360 108.591999989 43512 47168
59696650 519.145776941 12090 12095
59696650 4211.98900416 12090 12095
59696650 9101.43725827 12089 12094
59696650 28745.0401988 12088 12093
59696650 136.208909771 12092 12097
59696650 808.035885899 12089 12094
59696650 1681.17816104 12088 12093
59696650 7137.773123 12091 12096
59696650 3003.25572615 12089 12094
59696650 7788.01731766 12088 12093
59696650 4417.80705397 12092 12097
59696650 608.541080191 12091 12096
59696650 11006.1139447 12090 12095
59696670 1302.2217958 12091 12096
59696670 787.684114269 12092 12097
59696840 124.633795128 10663 6219
59697130 0.72323 9731 14
59697290 666.81806 12451 14
59697380 6681.95 43512 46919
59697380 16500.0 43560 43512
59697790 3.2400631677 46078 14
59697790 96.0 10747 439
59697800 7.2323 41631 46683
59697860 96.0 10747 439
59697890 96.0 10747 439
59697930 96.0 10747 439
59698150 4469.19911963 12097 12102
59698150 608.541080191 12096 12101
59698150 1241.9543106 12096 12101
59698150 7461.76322496 12096 12101
59698150 782.95178183 12097 12102
59698150 131.403883941 12097 12102
59698160 7788.01731766 12093 12098
59698160 3344.99585028 12094 12099
59698170 9474.74020473 12094 12099
59698170 9399.45865884 12095 12100
59698170 26676.383412 12093 12098
59698170 519.145776941 12095 12100
59698170 3814.18226796 12095 12100
59698170 808.035885899 12094 12099
59698170 1681.17816104 12093 12098
59698280 55.0 43512 11155
59698390 15.1343296016 12096 12101
59698390 92.8584541983 12094 12099
59698390 3.55424922998 12097 12102
59698700 2.531305 9731 14
59698770 294.096 11080 32
59699010 0.00165482999773 54373 10523
59699020 0.1375 12930 12280
59699050 9764.33384226 12099 12104
59699050 7788.01731766 12098 12103
59699050 742.642458976 12100 12105
59699050 3437.85430448 12099 12104
59699050 1269.40880716 12101 12106
59699050 7647.38282978 12101 12106
59699050 3814.18226796 12100 12105
59699050 697.861646933 12101 12106
59699050 153.714463958 12102 12107
59699050 3066.59182381 12099 12104
59699050 26788.2322333 12098 12103
59699050 744.110680754 12102 12107
59699050 544.031848415 12098 12103
59699050 4231.58627144 12102 12107
59699050 11529.3577159 12100 12105
59699070 47.8269756987 12102 12107
59699080 0.075 50644 51911
59699090 0.075 50644 51911
59699100 0.075 50644 51911
59699120 0.075 50644 51911
59699150 1.1 12930 12280
59699180 1.1 12930 12280
59699260 1.1 12930 12280
59699290 24.1679961025 12101 12106
59699290 24.1730514802 12100 12105
59699380 0.15 50644 51911
59699400 0.15 50644 51911
59699400 1.1 51911 12280
59699400 0.15 50644 51911
59699410 0.15 50644 51911
59699410 1.1 51911 12280
59699410 0.15 50644 51911
59699410 1.1 51911 12280
59699420 1.1 51911 12280
59699420 0.55 12930 12280
59699440 0.55 12930 12280
59699470 0.55 12930 12280
59699540 0.55 12930 12280
59699550 2.2 51911 12280
59699600 0.075 50644 51911
59699650 4.8 7622 7629
59699700 578.222385 41631 11756
59699720 5062.61 41631 46450
59699740 0.075 50644 51911
59699740 7.2323 41631 46683
59699760 0.075 50644 51911
59699760 71.961385 41631 11295
59699780 1.1 51911 12280
59699790 1.1 51911 12280
59699790 0.275 12930 12280
59699810 1.1 51911 12280
59699830 72.323 11004 9
59699860 72.323 11004 9
59699950 1.1 51911 12280
59699950 2892.94819146 12103 12108
59699950 26075.043913 12103 12108
59699950 7788.01731766 12103 12108
59699960 1139.56132091 12106 12110
59699960 2599.95045947 12104 12109
59699960 653.142297581 12107 12112
59699960 9764.33384226 12104 12109
59699960 669.11812766 12106 12110
59699960 292.793603916 12107 12112
59699960 7828.35320841 12106 12110
59699960 11841.4026546 12105 12111
59699960 2211.77297911 12104 12109
59699960 2788.0102813 12105 12111
59699960 4365.16597733 12107 12112
59699960 1361.6345385 12105 12111
59699970 0.55 51911 12280
59699990 0.1375 12930 12280
59699990 0.55 51911 12280
59700010 0.1375 12930 12280
59700010 1.169183268 12107 12112
59700010 0.1375 12930 12280
59700040 0.1375 12930 12280
59700200 72.323 11004 9
59700320 0.075 50644 51911
59700410 72.323 11004 9
59700460 75.4791323262 41631 16179
59700460 98.65 46871 53460
59700470 72.323 11004 9
59700480 361.615 41631 47118
59700530 0.55 51911 12280
59700530 4.8 7622 7629
59700540 72.323 11004 9
59700550 0.55 51911 12280
59700580 2.2 12930 12280
59700610 2.2 12930 12280
59700670 72.323 11004 9
59700690 72.323 11004 9
59700760 72.323 11004 9
59700780 0.275 51911 12280
59700780 0.6 50644 51911
59700790 0.275 51911 12280
59700800 4880.546 44018 14
59700810 1.1 12930 12280
59700820 1.1 12930 12280
59700890 72.323 11004 9
59700920 0.3 50644 51911
59700930 0.55 12930 12280
59700940 0.55 12930 12280
59700940 0.3 50644 51911
59700940 0.55 12930 12280
59700960 72.323 11004 9
59700970 0.3 50644 51911
59700970 0.55 12930 12280
59700970 0.3 50644 51911
59700970 0.55 12930 12280
59700970 0.3 50644 51911
59700970 0.55 12930 12280
59700970 0.3 50644 51911
59700980 1.1 12930 12280
59701010 1.1 12930 12280
59701010 0.275 51911 12280
59701020 0.275 51911 12280
59701040 0.275 51911 12280
59701070 0.275 51911 12280
59701080 11.0 43512 10372
59701100 1.1 12930 12280
59701110 284.6271665 6695 14
59701150 1906.88839746 12111 12115
59701150 835.82804624 12110 12116
59701150 26133.6428933 12108 12113
59701150 2892.94819146 12108 12113
59701150 1332.93666798 12110 12116
59701150 7788.01731766 12108 12113
59701150 2757.78551154 12111 12115
59701150 2604.79631169 12109 12114
59701150 8178.79292354 12110 12116
59701150 363.631200537 12112 12117
59701150 13032.6275047 12111 12115
59701150 4624.44981942 12112 12117
59701150 10355.9306738 12109 12114
59701150 2211.7729791 12109 12114
59701160 1.1 12930 12280
59701180 1.1 12930 12280
59701200 682.909232775 12112 12117
59701220 0.3 50644 51911
59701270 72.323 11004 9
59701330 0.275 51911 12280
59701350 1.1 12930 12280
59701350 0.275 51911 12280
59701350 1.1 12930 12280
59701350 0.275 51911 12280
59701350 1.1 12930 12280
59701390 0.0 12112 12117
59701410 44.0 11623 5734
59701440 1.973 21073 321
59701450 1.973 321 4282
59701460 0.55 12930 12280
59701480 0.55 12930 12280
59701520 0.55 12930 12280
59701530 4.4 11623 5734
59701610 0.55 11623 5734
59701620 695.022791 21073 321
59701620 695.022791 321 4282
59701630 650.907 45233 14
59701650 0.049325 21073 321
59701660 0.049325 321 4282
59701680 0.075 50644 51911
59701680 2.2 11623 5734
59701700 0.075 50644 51911
59701740 723.23 41631 13267
59701830 0.55 12930 12280
59701900 10125.22 13804 14
59701990 0.6 50644 51911
59702000 0.6 50644 51911
59702010 0.6 50644 51911
59702020 0.275 12930 12280
59702030 0.275 12930 12280
59702030 2338.93582227 1021 8652
59702050 10358.9194724 12114 12119
59702050 421.312236389 12117 12122
59702050 13940.6502262 12115 12120
59702050 26133.6428933 12113 12118
59702050 2232.06369753 12114 12119
59702050 1620.87440983 12115 12120
59702050 7395.97865972 12113 12118
59702050 2127.31063668 12115 12120
59702050 1161.93693829 12116 12121
59702050 2892.94819146 12113 12118
59702050 8225.49352637 12116 12121
59702050 482.574199918 12117 12122
59702050 2516.46870334 12114 12119
59702050 1420.00276799 12116 12121
59702050 4723.23849554 12117 12122
59702070 0.275 12930 12280
59702220 0.1375 12930 12280
59702240 0.1375 12930 12280
59702350 8415.97510273 12121 12126
59702350 2516.46870334 12119 12124
59702350 1419.45276798 12121 12126
59702350 2214.05675065 12120 12125
59702350 391.434364097 12122 12127
59702350 428.721562808 12122 12127
59702350 10358.9194724 12119 12124
59702350 4723.23849554 12122 12127
59702350 26133.6428933 12118 12123
59702350 1161.93693829 12121 12126
59702350 1616.42983505 12120 12125
59702350 2232.06369753 12119 12124
59702350 2892.94819146 12118 12123
59702370 14321.7943528 12120 12125
59702370 5.5856788652 12121 12126
59702370 7395.97865972 12118 12123
59702390 3.53406622301 12120 12125
59702430 23.6605707022 12118 12123
59702440 0.15 50644 51911
59702450 0.15 50644 51911
59702460 2.2 12930 12280
59702460 1.1 51911 12280
59702470 2.2 12930 12280
59702490 2.2 12930 12280
59702520 0.15 50644 51911
59702640 1.1 12930 12280
59702650 14321.7943528 12125 12130
59702650 1.1 12930 12280
59702650 2232.06369753 12124 12129
59702650 2214.05675065 12125 12130
59702650 7395.97865972 12123 12128
59702650 1.1 12930 12280
59702650 1673.95546409 12125 12130
59702650 2.2 12930 12280
59702650 1419.45276799 12126 12131
59702650 1161.93693829 12126 12131
59702650 2892.94819146 12123 12128
59702650 10358.9194724 12124 12129
59702650 26248.9369364 12123 12128
59702650 0.55 51911 12280
59702650 1.1 12930 12280
59702650 4628.92987489 12127 12132
59702650 2516.46870334 12124 12129
59702650 451.078553977 12127 12132
59702650 8450.16812978 12126 12131
59702660 2.2 12930 12280
59702670 421.021562808 12127 12132
59702670 191.171378668 12126 12131
59702690 191.171378668 12126 12131
59702720 2.2 12930 12280
59702760 1.1 12930 12280
59702770 0.55 51911 12280
59702770 1.1 12930 12280
59702770 0.55 51911 12280
59702770 1.1 12930 12280
59702770 0.55 51911 12280
59702790 1.1 12930 12280
59702810 0.275 51911 12280
59702900 1446.46 41631 45674
59702930 72.323 11004 9
59702950 4724.26104874 12132 12137
59702950 7395.97865972 12128 12133
59702950 1507.62150798 12131 12136
59702950 14321.7943528 12130 12135
59702950 10358.9194724 12129 12134
59702950 1673.95546409 12130 12135
59702950 465.104915308 12132 12137
59702950 2516.46870334 12129 12134
59702950 2892.94819146 12128 12133
59702950 26321.7507058 12128 12133
59702950 1161.93693829 12131 12136
59702950 2227.23648909 12130 12135
59702950 2232.06369755 12129 12134
59702950 8873.45360279 12131 12136
59702960 451.078553977 12132 12137
59702960 155.054921432 41631 11080
59702980 72.323 11004 9
59702980 180.8075 7326 14
59702990 1.1 12930 12280
59703000 1.1 12930 12280
59703020 72.323 11004 9
59703040 72.323 11004 9
59703060 72.323 11004 9
59703130 0.00097791526225 54373 13146
59703140 0.55 51911 12280
59703150 0.55 51911 12280
59703160 0.55 51911 12280
59703190 0.55 51911 12280
59703190 51.7109377677 14554 14
59703200 1.1 51911 12280
59703270 0.00167753 54373 10523
59703480 0.55 12930 12280
59703500 0.55 12930 12280
59703790 0.275 12930 12280
59703790 1.1 51911 12280
59703800 0.275 12930 12280
59703810 1.1 51911 12280
59703830 1.1 51911 12280
59703850 26493.2224564 12133 12138
59703850 2892.94819147 12133 12138
59703850 2047.12788762 12135 12140
59703850 14321.7943528 12135 12140
59703850 7395.97865972 12133 12138
59703850 2516.46870334 12134 12139
59703850 468.404378805 12137 12142
59703850 460.670270219 12137 12142
59703850 1673.95546409 12135 12140
59703850 9577.71962985 12136 12141
59703850 973.106905308 12136 12141
59703850 4724.26104874 12137 12142
59703850 1802.32687956 12134 12139
59703850 11104.7627265 12134 12139
59703850 1298.62206757 12136 12141
59703910 23.5553768987 12133 12138
59704020 72.323 11004 9
59704040 0.275 12930 12280
59704050 0.275 12930 12280
59704060 723.23 11004 9
59704070 0.275 12930 12280
59704090 0.156492081408 12133 12138
59704340 0.275 12930 12280
59704420 2314.336 1021 11004
59704480 0.275 12930 12280
59704570 388.5 9725 69
59704720 388.5 9725 69
59704750 0.1375 51911 12280
59705280 1446.46 41631 46888
59705360 11.1936910728 41631 47169
59705380 2.2 51911 12280
59705420 2.2 51911 12280
59705520 1.1 12930 12280
59705540 1.1 12930 12280
59705550 1.1 12930 12280
59705560 14.4646 41631 44417
59705560 0.55 12930 12280
59705570 0.55 12930 12280
59705580 1446.46 41631 11756
59705590 0.55 12930 12280
59705590 2.2 51911 12280
59705600 87.7468705751 41631 44675
59705600 2.2 51911 12280
59705620 1689.05031232 41631 4143
59705650 4350.0 48092 18450
59705920 55.0 12185 82971
59705950 72323.0 41849 41631
59706430 0.55 12930 12280
59706440 0.55 12930 12280
59706460 2.2 12930 12280
59706460 5.92 29 18165
59706460 2.2 12930 12280
59706460 1.1 12930 12280
59706460 2.2 12930 12280
59706470 4.4 12930 12280
59706490 17.6 12930 12280
59706490 4.4 12930 12280
59706490 8.8 12930 12280
59706500 17.6 12930 12280
59706510 17.6 12930 12280
59706510 35.2 12930 12280
59706510 17.6 12930 12280
59706520 35.2 12930 12280
59706530 70.4 12930 12280
59706530 35.2 12930 12280
59706530 70.4 12930 12280
59706530 35.2 12930 12280
59706530 70.4 12930 12280
59706550 140.8 12930 12280
59706560 140.8 12930 12280
59706580 1012.52199277 41631 11756
59706600 17.6 12930 12280
59706630 17.6 12930 12280
59706650 17.6 12930 12280
59706660 140.8 12930 12280
59707200 0.55 51911 12280
59707210 0.55 51911 12280
59707220 1.1 51911 12280
59707230 1.1 51911 12280
59707240 1.973 10095 53460
59707240 2.2 51911 12280
59707240 1.1 51911 12280
59707240 2.2 51911 12280
59707240 1.1 51911 12280
59707250 4.4 51911 12280
59707250 2.2 51911 12280
59707250 4.4 51911 12280
59707260 8.8 51911 12280
59707270 1.973 10095 53460
59707480 5655.0 46924 18450
