94505180 450.0 27999 29040
94505690 16.5 84685 83860
94505701 2857.39640332 11668 9343
94506130 126.707675684 14247 13212
94506130 327.352123396 14230 13212
94506130 183.359489378 14239 13212
94506171 75.0 27999 28251
94506190 15.0 21073 56969
94506212 15.0 56969 57838
94506282 5062.61 11668 13873
94506540 75.0 27999 28251
94506630 300.0 27999 11825
94506800 75.0 27999 28251
94507360 225.0 28251 18701
94507612 6134.43685277 11848 9
94507810 176.701057918 14247 13212
94507810 1393.7314053 14230 13212
94508281 0.43610769 9684 9
94509121 80.3345586281 14262 13212
94509121 729.170907744 14230 13212
94509121 178.71708324 14247 13212
94509791 361.615 14367 14
94510360 1158.465 28666 53539
94510642 0.35 24020 12927
94510810 70.3789794569 14262 13212
94510810 178.587979453 14247 13212
94510810 892.463035565 14230 13212
94510810 140.40551447 14239 13212
94510921 518.545336377 14230 13212
94511230 356.453271329 14239 13212
94511230 64.7872833181 14262 13212
94511230 116.411990373 14247 13212
94511231 1444.661016 14230 13212
94511530 346.05652909 14230 13212
94511590 166.026349461 14247 13212
94511590 77.8255363444 14262 13212
94512432 72.323 41631 12277
94513141 75.0 29007 27999
94513581 750.0 9794 18701
94515130 55.0 24020 10746
94516230 375.0 27999 11825
94517670 3100.0 70043 8996
94518291 8.67876 14673 9
94518561 7232.3 11668 14623
94518612 72.323 14673 9
94518840 383.9 88193 89324
94518851 3582.59212077 11848 9
94526082 112.2 89345 89341
94526270 99.99999999 89345 89341
94530420 3493.2009 14367 14
94530622 958.780839906 13417 9
94535670 129.313524 11848 9
94535871 178.5 27999 5713
94536070 1950.0 5713 27999
94536921 1.5 28688 27999
94539660 150.0 21073 56969
94539690 150.0 56969 28720
94539930 7197.02290181 13417 9
94540461 750.0 14715 18701
94540501 1500.0 9794 18701
94540800 602.76365457 13417 9
94540921 1500.0 9794 18701
94541022 750.0 14715 18701
94541541 1500.0 21073 56969
94541571 1500.0 56969 11803
94541750 750.0 14715 18701
94542921 750.0 14715 18701
94543930 3.3 58624 53539
94543962 1500.0 9794 18701
94544031 450.0 14715 18701
94544700 1500.0 14715 57460
94544751 1498.5 21073 57461
94544761 1498.5 57461 57463
94544871 1500.0 14715 57460
94544891 1498.5 21073 57461
94544900 1498.5 57461 57463
94546161 75.0 21073 56969
94546200 75.0 56969 57671
94546571 687.4848 18385 32
94546760 1500.0 27999 29130
94548232 15.0 28808 27999
94548610 1608.36752568 14230 13212
94548621 7.5 28687 27999
94548842 343.520725599 14239 13212
94549140 2686.65479677 6064 2073
94549250 2686.65479677 2073 9
94550121 12.29491 6064 2073
94550181 1350.0 27999 29130
94550192 12.29491 2073 9
94550431 3.0 21073 56969
94550451 135.0 27999 29130
94550451 3.0 56969 58625
94550801 3.0 21073 56969
94550820 3.0 56969 58625
94550950 4628.672 11668 8828
94550951 1446.46 11668 12311
94551570 1045.69140347 13417 9
94552230 1446.46 11668 12311
94552301 330.989999998 58179 53539
94552681 439.668071735 13417 9
94553280 214.946053367 13417 9
94553502 882.0765 6723 21081
94553961 1260.6 11825 27999
94554220 236.324739399 13417 9
94554270 7.5 58597 53539
94555080 1050.0 21073 56969
94555102 1050.0 56969 14164
94555131 150.0 21073 56969
94555152 150.0 56969 14164
94557122 300.0 21073 56969
94557142 300.0 56969 14353
94557270 7.2323 11668 13713
94557570 0.3 58383 57494
94558181 1439.2277 11668 13713
94558550 300.0 27999 28144
94558740 300.0 27999 28144
94559541 300.0 27999 28144
94559730 300.0 27999 28144
94559950 1200.0 28144 27999
94560011 361.079999998 58572 53539
94560190 331.272087854 14239 13212
94560631 135.405 58572 53539
94561721 1350.0 21073 56969
94561741 205.7950965 51441 9
94561750 1350.0 56969 14353
94562060 544.779 13962 53539
94562101 135.0 21073 56969
94562131 135.0 56969 14353
94562160 253.176005632 13417 9
94562411 295.1835 58149 53539
94563122 300.0 21073 56969
94563151 300.0 56969 29071
94563741 30.0 21073 56969
94563771 30.0 56969 28979
94563862 1500.0 21073 56969
94563891 1500.0 56969 14715
94564940 7.5 21073 56969
94564960 7.5 56969 28979
94565651 7.5 21073 56969
94565681 7.5 56969 28208
94565702 0.012 21073 13962
94566141 751.880999998 22533 27999
94567280 174.516974095 14868 11886
94567360 2700.0 21073 56969
94567390 2700.0 56969 14715
94567451 102.011793414 12201 11886
94567850 144.0 73009 67852
94568351 578.584 13679 185
94569050 301.051499998 22533 21081
94569320 57.13517 13679 185
94569941 499.0287 13679 185
94570350 1500.0 21073 56969
94570380 1500.0 56969 14715
94571931 450.0 21073 56969
94571970 450.0 56969 22533
94572721 1047.132 58631 53539
94573690 0.5207256 9684 9
94574291 240.0 21073 56969
94574341 240.0 56969 22533
94574372 1200.0 21073 56969
94574420 1200.0 56969 58262
94575560 15.0 28996 27999
94575741 15.0 28996 27999
94575860 33413.081354 41631 16299
94576371 0.0289798261 41631 51045
94576810 68.5717651006 14249 13212
94576990 191.186964274 14266 13212
94577050 297.382036315 14266 13212
94577050 93.4669617358 14249 13212
94577290 126.13583942 14234 13212
94577492 28.7532815348 41631 14676
94577851 1354.05 29016 53539
94579310 15.3 8161 53539
94580371 433.938 22533 14
94580400 2576.651521 11848 9
94581681 3616.15 11029 14
94582021 289.292 22533 14
94582271 7827.73525177 11848 9
94582311 300.0 27999 22258
94582410 5952.1829 8207 14
94582591 300.0 27999 22258
94582610 300.0 27999 22258
94582702 300.0 27999 22258
94582851 300.0 27999 22258
94582902 15.0 27999 28935
94582932 3205.06097646 41631 47260
94583010 300.0 27999 22258
94583080 1800.0 22258 27999
94583240 50.6261 4306 9
94583690 3616.15 11668 11029
94584021 1.5 27999 28380
94584121 117.403444683 14236 13212
94584550 6.6 58632 53539
94585012 17357.375354 41631 16299
94585110 60.3 57588 53539
94585601 3616.15 11029 14
94585930 342.397151632 14236 13212
94585930 978.313401808 14229 13212
94586511 8492.7 9962 27999
94586570 750.0 21073 56969
94586590 750.0 56969 10942
94588500 3782.4929 11668 8207
94588501 3616.15 11668 11029
94588831 2089.94877926 13417 9
94589131 1500.0 21073 56969
94589162 1500.0 56969 29132
94589190 1500.0 21073 56969
94589220 1500.0 56969 29132
94589241 1500.0 21073 56969
94589261 1500.0 56969 29132
94589290 1500.0 21073 56969
94589311 1500.0 56969 29132
94589331 3.0 21073 56969
94589350 3.0 56969 28889
94590110 2169.69 7882 185
94590291 585.8163 7629 185
94590331 723.23 7882 7629
94590461 3000.0 10942 11599
94591762 723.23 14867 9
94592091 914.885942768 11356 14
94592192 21.6362012224 11356 29
94592911 4.8 58633 53539
94593381 189.0 27999 11599
94593821 3150.0 11599 27999
94595091 150.0 27999 29054
94598261 1.65 28720 53539
94599010 2169.61766977 11668 8207
94599092 7.8 29070 53539
94599241 7500.0 27999 28798
94608620 5.694785343 11647 9
94610571 92.4545048265 10746 277
94610640 3.9668876208 8743 9
94610741 303.926392707 8743 9
94610921 0.3109889 14585 9
94611531 2889.07650988 14585 9
94612791 723.23 4278 9
94614950 4.122411 11848 9
94616382 0.361615 14153 9
94617490 50.5352406151 14249 13212
94617900 30.0 21073 56969
94617921 30.0 56969 28380
94618802 65.4853159849 14249 13212
94618941 3052.2585 13873 7882
94618990 130.258684358 14266 13212
94619050 71.5452167611 14249 13212
94619260 2169.69 13162 14
94620990 2892.70302377 10942 9
94621810 70.7249582243 14249 13212
94622041 471.058499998 13962 53539
94622760 249.51435 14867 9
94623461 150.0 27999 29040
94626011 795.553 11668 12311
94627702 5494.450633 11848 9
94628390 3007.5 9794 27999
94628660 2242.013 331 9
94628950 58.948235287 14249 13212
94629310 56.6123398007 14249 13212
94629651 7232.3 11668 14623
94629730 231.437599462 14266 13212
94629730 75.7251100815 14249 13212
94629790 1163.24708084 14241 13212
94629790 154.449447741 14266 13212
94630080 2256.75 13873 53539
94630830 216969.0 41849 41631
94630930 82.7950160173 14249 13212
94630930 150.442268977 14266 13212
94632010 180.562773433 14266 13212
94632130 78.3444394048 14249 13212
94632130 179.127407781 14266 13212
94632461 150.0 27999 28926
94632570 1.5 27999 28380
94632571 5062.61 11668 13873
94632740 750.0 27999 28926
94632911 600.0 27999 28926
94633351 3.0 21073 56969
94633370 3.0 56969 29166
94634211 2042.1505158 13417 9
94634311 295.318639428 13417 9
94634370 5.7 58468 53539
94636550 3761.25 28840 53539
94637171 106.766 260 7629
94637541 7.5 57494 58383
94637650 0.0578294708 260 16212
94638920 150.0 21073 56969
94638932 88.2 28924 18701
94638940 150.0 56969 11803
94639242 451.35 28386 53539
94639601 150.0 21073 56969
94639621 150.0 56969 11803
94639962 300.0 21073 56969
94639990 300.0 56969 9842
94641231 3616.15 11668 14623
94641631 1200.0 21073 56969
94641660 1200.0 56969 11803
94642321 450.0 21073 56969
94642350 450.0 56969 22533
94642690 7.5 21073 56969
94642702 7.5 56969 30340
94642910 300.0 27999 28144
94643090 300.0 27999 28144
94643351 300.0 27999 28144
94643530 300.0 27999 28144
94643810 45.3 14213 53539
94643891 300.0 27999 28144
94644041 1500.0 28144 27999
94644411 15.0 29039 27999
94645581 1329.6 28360 27999
94646442 28.5 58277 53539
94646530 248.581882329 14234 13212
94647011 511.529999998 58368 53539
94649261 322.5 21073 56969
94649301 322.5 56969 57483
94649651 15.0 21073 56969
94649681 15.0 56969 29095
94649700 300.9 57483 53539
94649730 1.05 22552 53539
94649830 7.8 58263 53539
94650971 18.3 58277 53539
94651010 150.0 21073 56969
94651031 150.0 56969 29005
94651491 3.15 58468 53539
94651561 97.5 28425 53539
94651930 418.661776829 14234 13212
94652152 6.3 29070 53539
94652360 7.5 21073 56969
94652371 7.5 56969 29070
94652741 7.5 29070 53539
94652930 4500.0 11803 101
94652930 897.15 11803 101
94653380 300.0 21073 56969
94653410 300.0 56969 29169
94653981 96.3 58197 53539
94656361 150.0 21073 56969
94656391 150.0 56969 58636
94656490 1.5 27999 28536
94656740 30.0 21073 56969
94656760 30.0 56969 29072
94657101 150.0 21073 56969
94657131 150.0 56969 58235
94657242 511.529999998 58326 53539
94657320 750.0 21073 56969
94657340 750.0 56969 29072
94657681 300.0 21073 56969
94657710 300.0 56969 29072
94657961 750.0 57896 27999
94658051 90.0 21073 56969
94658081 90.0 56969 29072
94658441 18.0 21073 56969
94658470 18.0 56969 29072
94658830 3.0 21073 56969
94658841 3.0 56969 29072
94659031 3616.15 11668 14623
94659181 480.188507874 14229 13212
94659250 1324.13724611 14229 13212
94659491 9.0 28720 53539
94660450 4700.995 11668 14623
94660500 3.0 21073 56969
94660520 3.0 56969 28419
94660700 1500.0 21073 56969
94660730 1500.0 56969 9794
94660770 120.0 21073 56969
94660781 1503.75 9794 27999
94660800 120.0 56969 29072
94661180 1.5 27999 29134
94661430 1503.75 9794 27999
94661450 13350.0 10387 53539
94661471 1500.0 21073 56969
94661500 1500.0 56969 9794
94661640 1.160784 89336 89338
94661650 100.436976 89336 89338
94661701 1.197504 89336 89338
94661711 86.2557119928 89336 89338
94661712 3.459456 89336 89338
94661712 1.285632 89336 89338
94661712 3.018816 89336 89338
94662251 1.5 27999 29137
94662961 0.1054830955 9684 9
94663210 45.0 21073 56969
94663241 45.0 56969 14213
94663280 3.0 21073 56969
94663291 3.0 56969 58624
94663511 75.0 27999 22239
94664110 7.5 21073 56969
94664121 7.5 56969 58637
94664141 75.0 21073 56969
94664161 75.0 56969 28987
94664460 3018.97898177 11848 9
94664611 15.3 14843 53539
94664790 2.7 58501 53539
94665142 450.0 22533 27999
94665170 15.0 21073 56969
94665191 15.0 56969 58579
94665481 3.0 58579 53539
94665910 1291.98604199 14229 13212
94666181 1666.65 14715 27999
94666560 2010.57939277 11668 14623
94667501 30.0 21073 56969
94667540 30.0 56969 14679
94668551 150.0 21073 56969
94668580 150.0 56969 14679
94668901 300.0 27999 22258
94669812 150.0 21073 56969
94669851 150.0 56969 14135
94669880 0.225 21073 13962
94669911 7.2323 7269 9
94669930 1500.0 21073 56969
94669961 1500.0 56969 14563
94670000 1500.0 21073 56969
94670031 1500.0 56969 14563
94670310 2162.4577 7269 9
94670720 300.0 21073 56969
94670750 300.0 56969 22533
94671431 150.0 21073 56969
94671452 150.0 56969 22533
94673182 1503.75 9794 27999
94673352 180.539999999 58025 53539
94673442 1500.0 21073 56969
94673480 1500.0 56969 9794
94673740 2025.04399277 11668 14623
94675100 150.0 21073 56969
94675120 150.0 56969 10942
94679841 4138.20778243 10997 14
94681092 0.0759680792 41631 49938
94681660 0.96 67776 73152
94683641 3.0 21073 56969
94683660 3.0 56969 14715
94683730 105.078404921 14249 13212
94683851 17369.2416 55251 32
94683851 723.23 11668 14623
94684001 1500.0 21073 56969
94684021 1500.0 56969 14715
94684440 2205.85149277 13941 9
94684691 408.68327808 53495 18
94688110 56.7395487254 14249 13212
94690381 632.611421761 13417 9
94690690 1448.00576671 9343 9
94690691 426.505336361 13417 9
94691530 51.1317317899 14249 13212
94696291 7.44 290 14678
94700320 2.5488 89336 89338
94700322 128.696687993 89336 89338
94700322 5.4056159928 89336 89338
94700322 136.165535993 89336 89338
94700322 78.720768 89336 89338
94700322 2.5488 89336 89338
94702361 2.5 24020 14061
94704200 921.042792525 13417 9
94704950 2090.45508366 13417 9
94706210 1446.46 331 9
94707371 1634.35514677 11848 9
94709490 451.127999999 22533 27999
94709702 730.4623 7629 185
94710130 53.1353175558 14249 13212
94710491 300.0 27999 22258
94710511 6528.6 28989 28592
94711040 300.0 27999 22258
94711440 1.35 28592 53539
94711850 450.0 27999 22258
94712120 300.0 27999 22258
94712351 1650.0 22258 27999
94712490 1504.5 28592 53539
94712852 1.5 27999 795
94713200 450.0 21073 56969
94713220 450.0 56969 22533
94713882 1500.0 21073 56969
94713910 1500.0 56969 57646
94715891 2668.7187 13320 9
94717012 8271.8304 72552 32
94719721 405.0 57682 53539
94720410 2883.97517092 9343 9
94720410 300.0 21073 56969
94720421 300.0 56969 6518
94721401 120.0 21073 56969
94721420 120.0 56969 58638
94721431 7.5 21073 56969
94721441 7.5 56969 58263
94721890 150.0 21073 56969
94721901 150.0 56969 57885
94722891 150.0 21073 56969
94722910 150.0 56969 28765
94723160 6.3 58639 53539
94723180 1546.626 57574 53539
94723671 4.8 58640 53539
94724140 6679.98 22555 53539
94724211 5.1 58642 53539
94724492 17574.344354 41631 16299
94724610 7.5 28987 27999
94724710 528.441494972 14234 13212
94724770 459.992179943 14234 13212
94724830 904.982349369 14233 13212
94724830 459.992179943 14234 13212
94724860 1500.0 21073 56969
94724880 1500.0 56969 14715
94724881 147.96 89336 89338
94725050 4339.38 11029 14
94725251 8466.347349 11848 9
94725370 96.5373119928 89336 89338
94725371 2.5488 89336 89338
94725371 2.490048 89336 89338
94725400 2.174256 89336 89338
