63623910 0.075 12930 51911
63623930 0.075 12930 51911
63623940 1.51489880999 10749 82486
63623970 23760.0 24442 55502
63623980 0.757449404991 10749 82471
63624000 1425.6 24442 48334
63624010 0.757449404991 10749 68598
63624010 0.075 12930 51911
63624050 0.757449404991 10749 82484
63624070 481.653339332 12165 46982
63624070 127.074535819 12167 46982
63624070 284.758368444 12166 46982
63624080 0.757449404991 10749 82468
63624120 15.0 26610 21384
63624130 0.757449404991 10749 82472
63624130 15.0 26610 21384
63624150 367.310979409 12164 46982
63624160 0.151489880991 10749 47153
63624190 0.075 12930 51911
63624200 0.075 12930 51911
63624220 0.075 12930 51911
63624260 15780.864 21983 32
63624350 0.075 12930 51911
63624350 2784.0 44976 32
63624370 0.075 12930 51911
63624380 0.075 12930 51911
63624410 0.075 12930 51911
63624450 2880.0 21983 24442
63624520 0.075 12930 51911
63624570 4774.1856 54202 66776
63624580 9548.3712 54202 13360
63624590 95.5008 54202 71966
63624600 23760.0 286 67533
63624600 0.075 12930 51911
63624610 0.075 12930 51911
63624630 0.075 12930 51911
63624710 257.28 44471 24442
63624720 14256.0 286 67516
63624730 15.0 26610 21384
63624760 114.5952 54202 71980
63624790 15.0 26610 21384
63624830 0.55 12930 12280
63624830 585.6 47256 24442
63624940 211.2 55202 24442
63625030 477.4272 54202 71983
63625180 731.4 9962 10387
63625190 865.65 68290 68866
63625220 0.275 12930 12280
63625240 0.275 12930 12280
63625280 2328.8006 47734 14
63625400 0.15 12930 51911
63625410 0.15 12930 51911
63625460 0.1375 12930 12280
63625530 3817.97337047 41631 11631
63625530 151.880999998 4217 21081
63625630 0.17757 12184 53460
63625680 0.15 12930 51911
63625700 2.2 12930 12280
63625720 0.15 12930 51911
63625830 147.020702389 12930 12280
63625860 0.075 12930 51911
63625870 1880.398 41631 9973
63625880 96.0 48260 79947
63625960 2.2 12930 12280
63625970 2.2 12930 12280
63626090 0.075 12930 51911
63626100 0.075 12930 51911
63626140 0.075 12930 51911
63626140 865.65 68290 49131
63626140 0.075 12930 51911
63626280 0.075 12930 51911
63626300 0.075 12930 51911
63626310 0.075 12930 51911
63626330 0.075 12930 51911
63626330 7232.3 11668 11288
63626330 0.075 12930 51911
63626440 2000.4 9973 6395
63626460 0.075 12930 51911
63626470 0.075 12930 51911
63626480 0.15 12930 51911
63626490 0.15 12930 51911
63626500 0.15 12930 51911
63626510 0.3 12930 51911
63626520 0.3 12930 51911
63626530 0.3 12930 51911
63626530 0.6 12930 51911
63626540 0.6 12930 51911
63626550 0.6 12930 51911
63626560 1.2 12930 51911
63626570 1.2 12930 51911
63626580 1.2 12930 51911
63626600 2.4 12930 51911
63626600 1.2 12930 51911
63626610 2.4 12930 51911
63626620 723.23 12464 14
63626620 4.8 12930 51911
63626640 4.8 12930 51911
63626650 4.8 12930 51911
63626660 9.6 12930 51911
63626670 9.6 12930 51911
63626670 19.2 12930 51911
63626680 19.2 12930 51911
63626720 7014.897062 11288 9
63626990 900.0 45597 53539
63627300 10.5 6395 27552
63627500 3.3 11019 1119
63627510 599.9994 14599 41370
63627580 3.3 11019 1119
63627700 723.23 9835 9
63627990 0.3 12930 51911
63628000 5068.39584 2423 9
63628010 0.3 12930 51911
63628040 0.6 12930 51911
63628060 0.6 12930 51911
63628080 0.3 12930 51911
63628090 0.3 12930 51911
63628090 361.036416 24020 10746
63628110 0.3 12930 51911
63628120 0.3 12930 51911
63628180 519.39 68290 49165
63628190 519.39 68290 49165
63628250 55.0 83139 11543
63628310 8.7 69017 18450
63628410 1446.46 22457 14
63628440 84.5 24020 10746
63628570 150.0 56969 11006
63628570 150.0 21073 56969
63628580 0.3 12930 51911
63628600 0.3 12930 51911
63628630 0.3 12930 51911
63628640 0.3 12930 51911
63628650 0.15 12930 51911
63628660 0.15 12930 51911
63628680 0.15 12930 51911
63628700 0.15 12930 51911
63628700 0.3 12930 51911
63628700 0.15 12930 51911
63628710 0.3 12930 51911
63628720 0.3 12930 51911
63628760 0.3 12930 51911
63628890 9980.574 8207 9
63628910 519.39 49165 18450
63628960 1549.15865277 2423 9
63629080 0.3 12930 51911
63629310 55.0 11543 83139
63629340 1446460.0 14 41849
63629360 978.3648 55481 24442
63629390 110.0 83139 11543
63629400 150.0 21073 56969
63629410 150.0 56969 11006
63629410 0.3 12930 51911
63629420 0.3 12930 51911
63629440 4239.0 9925 6395
63629450 0.3 12930 51911
63629460 0.3 12930 51911
63629470 0.3 12930 51911
63629480 216969.0 41849 41631
63629500 0.3 12930 51911
63629560 0.3 12930 51911
63629580 0.3 12930 51911
63629580 1305.0 51874 18450
63629610 0.3 12930 51911
63629620 259.695 68290 68987
63629630 723.23 9835 9
63629690 15000.0 3537 21983
63629730 0.3 12930 51911
63629890 7500.0 3537 22316
63629930 110.0 83139 84274
63629940 9504.0 79130 79131
63630000 960.0096 79130 79131
63630010 0.15 12930 51911
63630030 0.15 12930 51911
63630030 1880.398 41631 9973
63630030 4752.0 79130 79131
63630060 9600.0096 79130 79131
63630060 4128.0 67852 67189
63630080 1900.8 79130 79131
63630100 1900.8 79130 79131
63630120 4.8 43336 7629
63630120 2851.2 79130 79131
63630130 10.99912 12930 12280
63630140 1.2 12930 51911
63630150 3801.6 79130 79131
63630160 4466.88 79130 79131
63630160 15.0 21073 56969
63630160 1.2 12930 51911
63630170 15.0 56969 11006
63630190 723.23 9835 9
63630280 1.2 12930 51911
63630310 0.6 12930 51911
63630320 0.6 12930 51911
63630330 0.6 12930 51911
63630360 723.23 9835 9
63630360 1.2 12930 51911
63630390 1.2 12930 51911
63630480 950.4 73936 74057
63630540 1.2 12930 51911
63630550 1.2 12930 51911
63630560 1.2 12930 51911
63630580 1.2 12930 51911
63630590 1.2 12930 51911
63630590 2.4 12930 51911
63630590 1.2 12930 51911
63630600 2.4 12930 51911
63630620 2.4 12930 51911
63630640 2.4 12930 51911
63630720 2.4 12930 51911
63630720 288.0 48120 73949
63630720 2.4 12930 51911
63630780 2.4 12930 51911
63630780 4.8 12930 51911
63630840 150.0 21073 56969
63630840 150.0 56969 11006
63630850 435.357999989 43512 48918
63630860 2.4 12930 51911
63630890 319.669349998 22422 41370
63630900 2.4 12930 51911
63630900 723.23 9835 9
63630900 2.4 12930 51911
63630930 2.4 43336 7629
63630960 1.2 43336 7629
63630990 2.4 12930 51911
63631070 2892.92 48063 14
63631100 1.2 43336 7629
63631140 25963.9569928 48063 14
63631250 0.6 43336 7629
63631250 723.23 9835 9
63631250 0.6 43336 7629
63631260 1.2 43336 7629
63631260 0.6 43336 7629
63631260 1.2 43336 7629
63631420 2.4 12930 51911
63631470 1.2 12930 51911
63631520 0.6 12930 51911
63631540 300.0 10772 53539
63631600 0.6 12930 51911
63631660 0.3 12930 51911
63631690 0.3 12930 51911
63631710 950.4 24442 48334
63631830 7.4813572485 43336 7629
63631840 13018.14 1245 9
63631860 0.15 12930 51911
63631910 0.15 12930 51911
63631940 4950.0 41370 22427
63631980 0.15 12930 51911
63632000 0.15 12930 51911
63632010 0.15 12930 51911
63632020 0.15 12930 51911
63632040 0.15 12930 51911
63632050 723.23 9835 9
63632070 2034.24 48099 82350
63632110 10500.0 3287 6395
63632250 2.4 43336 7629
63632270 0.6 12930 51911
63632290 4800.0 22427 53539
63632320 4.847 82350 48099
63632330 723.23 9835 9
63632350 2596.95 68290 69017
63632380 2.4 43336 7629
63632400 2596.95 68290 68754
63632440 3029.775 68290 69032
63632450 0.3 12930 51911
63632460 0.3 43336 7629
63632470 0.3 12930 51911
63632490 0.15 12930 51911
63632500 0.15 12930 51911
63632530 0.15 12930 51911
63632550 87.0 11165 18450
63632610 0.15 12930 51911
63632800 0.15 12930 51911
63632850 0.6 43336 7629
63632870 0.075 12930 51911
63632880 0.075 12930 51911
63632900 0.075 12930 51911
63632940 0.075 12930 51911
63632960 0.15 12930 51911
63632980 3616.15 11764 14
63633050 353.587147 41631 45721
63633070 478.504842899 41631 48969
63633070 0.15 12930 51911
63633140 0.15 12930 51911
63633200 48.47 79846 80136
63633200 1740.0 12691 18450
63633240 0.15 12930 51911
63633260 0.3 12930 51911
63633290 300.0 6395 22263
63633440 7518.75 3851 21081
63633560 9.694 79669 80139
63633570 976.3605 41631 22422
63633580 723.23 9835 9
63633590 7.2323 41631 16135
63633620 0.3 12930 51911
63633710 0.0072323 41631 49184
63633720 0.6 12930 51911
63633740 4.847 79613 80140
63633750 0.3 12930 51911
63633760 0.3 12930 51911
63633770 0.3 12930 51911
63633790 2.4 43336 7629
63633790 0.3 12930 51911
63633850 1761.06505 41631 8207
63633960 865.65 68290 68744
63634010 150.0 6395 9968
63634010 0.3 12930 51911
63634020 2.4 43336 7629
63634020 0.3 12930 51911
63634020 2.4 43336 7629
63634030 0.3 12930 51911
63634220 0.3 12930 51911
63634240 408.9 68524 18450
63634280 2.27 45792 16142
63634310 0.0227 45792 46133
63634320 0.3 12930 51911
63634320 332.830446 2261 14
63634340 0.3 12930 51911
63634390 0.15 12930 51911
63634420 0.15 12930 51911
63634420 24.235 79871 80144
63634420 0.15 12930 51911
63634500 120.0 21073 56969
63634510 120.0 56969 11006
63634570 0.15 12930 51911
63634620 0.15 12930 51911
63634660 12.1175 79292 80146
63634750 723.23 9835 9
63634800 0.075 12930 51911
63634830 361.615 11687 14
63634880 723.23 9835 9
63634910 0.075 12930 51911
63634910 1.2 12930 51911
63634920 1.2 12930 51911
63634940 1.2 12930 51911
63634980 1.2 12930 51911
63635000 1.2 12930 51911
63635040 1.2 12930 51911
63635050 34.1436883 41631 27883
63635050 1.2 12930 51911
63635060 1.2 12930 51911
63635060 723.23 11668 9835
63635070 2.4 12930 51911
63635080 2.4 12930 51911
63635150 150.0 22427 11585
63635150 2971.679747 14868 6219
63635500 2.4235 79375 80150
63635640 2.4235 79416 80151
63635810 7232.3 41631 11359
63636120 300.3 9968 41370
63636170 217.48347 48181 18450
63636210 4.847 79667 80153
63636240 723.23 9835 9
63636550 518.6784 79257 79259
63636870 7232.3 11668 11669
63636890 940.8 11006 11031
63637210 15.0 6395 27850
63637310 7575.0 9962 6395
63637360 450.45 9968 41370
63637450 0.0615 8462 277
63637470 1439.2277 3556 14
63637480 4128.0 79889 79259
63637690 300.0 21073 56969
63637700 300.0 56969 11104
63637960 299.85 11104 41370
63638050 6252.75473136 12164 12169
63638050 2524.36849117 12164 12169
63638050 989.569171491 12166 12171
63638050 2151.85874856 12167 12172
63638050 4274.83937807 12166 12171
63638050 6343.28549377 12165 12170
63638050 22488.1934646 12164 12169
63638050 1813.80935835 12165 12170
63638050 431.787683628 12167 12172
63638050 6314.92940057 12167 12172
63638050 12602.1127661 12163 12168
63638050 12873.6629321 12166 12171
63638050 20656.4497865 12165 12170
63638050 6107.81152743 12163 12168
63638050 51680.6203277 12163 12168
63638170 174.0 50365 18450
63638350 723.23 9835 9
63638350 75.041082 10186 53460
63638770 4252.158462 41631 11359
63638780 723.23 9835 9
63638920 723.23 9835 9
63639110 723.23 9835 9
63639190 973.398138426 12062 12068
63639190 17796.7239678 12061 12066
63639190 2130.06650942 12063 12067
63639190 489.970535168 12063 12067
63639190 6360.63404702 12061 12066
63639190 1884.35323152 12061 12066
63639190 18961.076079 12060 12065
63639190 4005.80100025 12062 12068
63639190 3256.68453609 12060 12065
63639190 7226.1492977 12063 12067
63639190 6027.72623242 12060 12065
63639190 11256.0531648 12059 12064
63639190 12439.1455742 12062 12068
63639190 43887.257587 12059 12064
63639190 6480.40947382 12059 12064
63639260 15000.0 6395 186
63639260 723.23 9835 9
63639580 723.23 9835 9
63639650 7232.3 41631 11359
63639670 7232.3 41631 11359
63639690 7232.3 41631 11359
63639710 7232.083031 41631 11359
63639730 7151.732178 41631 11359
63639750 7216.02731777 41631 11359
63639770 7207.999472 41631 11359
63639790 723.23 41631 11359
63639810 7232.3 41631 11359
63639830 553.9869477 41631 11359
63639890 723.23 9835 9
63640010 0.0072323 41631 49185
63640150 7.2323e-06 11668 11465
63640190 723.23 9835 9
63640250 2760.207295 11465 14
63640470 0.0072323 41631 49185
63640470 723.23 9835 9
63640650 0.0072323 41631 49186
63640730 216.969 41631 47553
63640750 148.20564404 41631 48331
63640770 723.23 41631 48969
63640790 3616.15 41631 3085
63640970 75.0 6395 5713
63641000 723.23 9835 9
63641140 4504.5 8875 53539
63641150 723.23 9835 9
63641260 13018.14 1245 9
63641320 723.23 9835 9
63641450 2169.61766977 41631 10598
63641620 723.23 9835 9
63641950 723.23 9835 9
63642030 723.23 9835 9
63642420 2168.15121 9626 70525
63642490 723.23 9835 9
63642630 86.565 68290 69039
63642650 300.0 6395 10387
63642950 3865.65 10387 53539
63643260 723.23 9835 9
63643280 1118.85 10387 6395
63643310 1084.845 41631 11085
63643330 7.2323 41631 49185
63643420 723.23 9835 9
63643570 0.1161868995 41631 49021
63643590 7.2323 41631 16135
63643610 3993.61383329 41631 45953
63643700 361.615 13106 14
63643710 723.23 9835 9
63643850 1.1 83823 83813
63643860 723.23 9835 9
63643900 1.1 83823 83813
63644000 723.23 9835 9
63644020 5713.517 11668 11004
63644150 723.23 9835 9
63644220 1.925 47271 14
63644220 723.23 9835 9
63644250 1.87 47271 14
63644270 2169.69 9835 9
63644310 1.76 47271 14
63644330 1.65 47271 14
63644490 723.23 9835 9
63644530 1.1 49185 14
63644700 328.563389 9949 14
63644890 16634.29 1245 9
63644990 723.23 9835 9
63645500 723.23 9835 9
63645640 723.23 9835 9
63645720 675.0 10747 22428
63645770 75.0 6395 27832
63645930 376.0796 331 9
63645970 724.097876 22457 14
63646010 649.623035316 41631 11348
63646030 434.539589946 41631 11688
63646470 2.2 12185 83813
63646620 1.76 12185 83813
63646690 1.1 12185 83813
63646700 382.58867 331 14
63646750 2.33574 83813 12185
63646820 2.2 83823 83813
63647320 2.2 83823 83813
63647450 3000.0 21073 56969
63647450 3000.0 56969 22318
63647510 2.2 83813 1119
63647600 2.2 83813 1119
63647670 15.0 21384 26610
63647670 723.23 41631 11527
63647710 1084.845 11085 48063
63647730 150.0 26610 21384
63647800 6107.81152743 12168 12173
63647800 6343.28549377 12170 12175
63647800 12602.1127661 12168 12173
63647800 6252.75473136 12169 12174
63647800 4274.83937807 12171 12176
63647800 20656.4497865 12170 12175
63647800 22488.1934646 12169 12174
63647800 3048.89045876 12169 12174
63647800 51680.6203277 12168 12173
63647820 12873.6629321 12171 12176
63647820 1160.88505421 12171 12176
