74500990 3000.0 27999 22451
74501280 101.76 55580 32
74501480 1500.0 27999 22451
74501520 1500.0 56969 22451
74501520 1500.0 21073 56969
74501740 1084.845 41631 51192
74501820 480.0 80464 48260
74503510 300.269999998 6188 27999
74504060 2169.69 41631 9973
74504300 2886.54255063 41631 12362
74505060 1209.6 51505 51436
74505270 95.5008 54202 72676
74505830 72323.0 41849 41631
74505960 1624.6204782 41631 8620
74506270 480.0 48260 80929
74506400 0.00096 50595 54463
74506550 4.773999989 84685 11455
74506730 0.96 50595 54463
74507520 0.00096 50595 54463
74507670 0.00096 50595 54463
74507730 0.00096 50595 54463
74507750 0.00096 54463 50595
74507810 0.96 50595 54463
74507820 0.96 54463 50595
74507870 150.0 27999 10262
74507880 0.96 50595 54463
74507890 0.96 54463 50595
74508020 480.0 50595 54463
74508030 480.0 50595 54463
74508030 480.0 54463 50595
74508040 480.0 54463 50595
74508050 480.0 50595 54463
74508060 480.0 54463 50595
74508070 480.0 50595 54463
74508070 480.0 54463 50595
74508070 8593.536 54202 8596
74508080 480.0 50595 54463
74508080 1909.68 54202 22507
74508090 480.0 54463 50595
74508100 480.0 50595 54463
74508110 480.0 54463 50595
74508120 480.0 50595 54463
74508130 480.0 54463 50595
74508140 480.0 50595 54463
74508140 150.0 27999 10262
74508150 480.0 54463 50595
74508160 480.0 50595 54463
74508170 480.0 54463 50595
74508180 480.0 50595 54463
74508190 480.0 54463 50595
74508200 480.0 50595 54463
74508210 480.0 54463 50595
74508220 480.0 50595 54463
74508230 480.0 54463 50595
74508240 480.0 50595 54463
74508250 480.0 50595 54463
74508250 480.0 54463 50595
74508260 480.0 54463 50595
74508270 480.0 50595 54463
74508280 480.0 54463 50595
74508590 480.0 50595 54463
74508600 480.0 54463 50595
74508720 1000.96500157 41631 8620
74509100 381.9456 54202 13804
74509130 96.0 54463 50595
74509140 96.0 50595 54463
74509190 96.0 54463 50595
74509200 667.417499998 9973 53539
74509200 96.0 50595 54463
74509200 96.0 54463 50595
74509440 86.565 51407 82692
74509820 2169.69 41631 9973
74510090 95.5008 54202 72286
74510580 9600.0 48260 80634
74510580 2467.2 51436 32
74510720 46.8 9958 53539
74510730 48.47 79635 80955
74510880 600.539999998 6188 27999
74510890 626.1255 22422 53539
74511170 472.9725 11104 41375
74511190 150.0 3161 22495
74511370 752.1592 43148 46954
74511370 0.096 54463 50595
74511450 86.4 54463 50595
74511520 600.0 3161 22495
74511530 3.2064 54463 50595
74511540 1479.0 22507 21081
74511720 750.0 3161 22495
74511810 750.0 56969 12757
74511810 750.0 21073 56969
74512670 389.4231935 13013 14
74512950 3954.549317 41631 22422
74512970 2169.68783031 41631 6188
74512990 72.323 737 14
74513030 210.966191 737 14
74513240 5062.61 41631 11629
74513430 240.0 21073 56969
74513430 240.0 56969 27908
74513730 4.5 41379 41408
74513920 300.0 21073 56969
74513920 300.0 56969 27908
74514080 600.6 27908 41375
74514310 174.0 69346 18450
74514430 706.5 28036 53539
74514470 472.070999998 9973 53539
74514600 182.7 69346 18450
74514770 451.05 6684 27999
74514820 4504.5 11585 53539
74514900 300.0 27999 27358
74515130 300.0 27358 27999
74515230 0.0096 13548 13570
74515520 450.0 27999 6188
74515880 300.0 27999 6188
74516310 288.0 48260 81153
74516440 55.0 260 10664
74516710 750.675 6188 27999
74516840 1.13273 260 16213
74517440 3115.77 19405 21081
74517530 2153.20128 68306 18450
74517630 2169.69 41631 9973
74517650 2506.6712944 41631 51138
74517680 1.5 27999 20918
74518140 150.0 27999 20918
74518170 6096.82889277 5988 9
74519340 361.615 12311 14
74519580 7104.0 80829 48260
74519790 2169.69 41631 9973
74522730 2169.68783031 41631 6188
74522750 1812.59280807 41631 51138
74522770 993.769246381 41631 8620
74522880 642.75 12388 53539
74523350 5.5 82779 82778
74523520 435.0 51874 18450
74523530 1500.0 27999 27132
74524530 1446.46 46433 14
74524760 1728.0 80635 48260
74525250 18080.75 41631 10906
74526070 345.0 17640 27999
74526320 286.9632 73936 74320
74526480 105.0432 54791 32
74527490 0.144646 1099 12509
74527870 9403.61374537 41631 45550
74527960 1395.0 25732 27999
74528300 27.4349670252 4098 28
74528720 27.16 4098 28
74529190 1951.95 11629 53539
74529700 31.04 4098 28
74530170 26.19 4098 28
74531540 150.0 27999 10262
74531690 756.809561668 41631 46954
74532050 2892.92 41631 6188
74532070 7015.33099277 41631 11629
74532210 300.0 56969 11104
74532210 300.0 21073 56969
74532210 300.0 56969 10387
74532210 300.0 21073 56969
74532210 300.0 56969 11104
74532440 1050.0 27999 10262
74533210 7159.977 41631 13679
74533790 842.013287968 41631 10532
74534070 2169.69 11668 12311
74534830 267.3 10805 53539
74535180 321.63846 7887 53460
74535560 22.5 56969 12372
74535560 22.5 21073 56969
74536140 2025.04399277 11668 12311
74536280 110.0 85064 89231
74536590 300.0 27999 22211
74536910 300.0 22211 27999
74536960 2250.0 21073 15103
74537130 3.946 8294 28
74537160 1100.0 85064 89232
74537320 5727.9816 41631 13679
74537340 3.946 321 8294
74537340 3.946 21073 321
74537840 15.0 21073 56969
74537840 15.0 56969 12372
74538180 0.0074 12693 52004
74539230 3.7958075643 41631 11408
74539250 7232.3 41631 13679
74539270 61.3999488255 41631 49892
74539290 47.0790401619 41631 15172
74540090 300.0 27999 10643
74540430 2.067999989 51160 13401
74540510 7.2323 41631 12490
74540620 0.011 13401 51160
74540630 0.011 13401 51160
74540640 0.011 13401 51160
74540650 0.011 13401 51160
74540670 0.011 13401 51160
74540680 0.011 13401 51160
74540690 0.011 13401 51160
74540700 0.011 13401 51160
74540710 0.011 13401 51160
74540720 0.011 13401 51160
74540730 0.011 13401 51160
74540740 0.011 13401 51160
74540750 0.011 13401 51160
74540760 0.011 13401 51160
74540770 0.011 13401 51160
74540780 0.011 13401 51160
74540790 0.011 13401 51160
74540800 0.011 13401 51160
74540810 0.011 13401 51160
74540820 0.011 13401 51160
74540830 0.011 13401 51160
74540840 0.011 13401 51160
74540850 0.011 13401 51160
74540860 750.0 56969 12757
74540860 750.0 21073 56969
74540860 0.011 13401 51160
74540920 0.011 13401 51160
74540930 0.011 13401 51160
74540940 0.011 13401 51160
74540960 0.011 13401 51160
74540970 0.011 13401 51160
74540980 0.011 13401 51160
74540990 0.011 13401 51160
74541000 0.011 13401 51160
74541010 0.011 13401 51160
74541020 0.011 13401 51160
74541030 0.011 13401 51160
74541040 480.0 12208 55605
74541040 0.011 13401 51160
74541050 0.011 13401 51160
74541060 0.011 13401 51160
74541070 0.011 13401 51160
74541080 0.011 13401 51160
74541090 0.011 13401 51160
74541100 0.011 13401 51160
74541110 0.011 13401 51160
74541120 0.011 13401 51160
74541130 0.011 13401 51160
74541140 0.011 13401 51160
74541150 0.011 13401 51160
74541350 2.9001450677 41631 12679
74541750 67.9908523 41631 51263
74541850 2169.69 41631 12490
74541870 758.957562 41631 46954
74542170 3003.0 12223 53539
74542540 16.5 27999 22524
74542680 86.7876 47328 14
74542890 300.0 27999 27087
74543220 21.48788653 22524 14
74543250 300.0 27999 27087
74543420 32.54535 22524 14
74543710 300.0 27999 27087
74543900 6015.0 8207 21081
74544260 2892.92 41631 12381
74544360 0.162771841632 55150 280
74544550 766.117531768 41631 46954
74544570 18080.75 41631 10906
74545210 96.0 12208 72501
74546660 1115.0470848 41631 13240
74546670 723.23 11324 14
74547180 23.28 10998 28
74547870 149.70861 11400 14
74548240 300.0 21073 56969
74548250 300.0 56969 11224
74548410 144.35598477 11400 14
74548440 289.292 17823 14
74548530 1.1 84685 85024
74548640 75.0 21073 56969
74548640 300.0 21073 56969
74548650 300.0 56969 11224
74548860 150.0 21073 11224
74548940 1.0 13675 13674
74549080 0.5 13675 13674
74549830 2382.79565722 41631 51138
74550080 1240.0 284 48535
74550170 185.3676 48535 48138
74550350 997.858735951 41631 8620
74550370 4444.17601977 41631 22422
74551170 9.7 4098 28
74552840 0.3 12930 51911
74553400 337.8375 13240 53539
74553670 795.480677 41631 10532
74554020 14.8991999612 4098 28
74554130 173.5752 24020 10746
74554440 318.2212 24020 10746
74554520 491.796392768 10746 14
74554650 1240000.0 89278 89279
74554740 50000.0 89281 89282
74554920 144646.0 41849 41631
74555070 4931.22079867 41631 12401
74556490 0.86425985 41631 12343
74556600 72.323 331 9
74558080 3.88 4098 28
74559620 1.0 13675 13674
74559640 1.0 13675 13674
74560010 60.245059 41631 12493
74560070 72.323 288 14
74560210 11.1 68275 9731
74560470 650.907 288 14
74562560 723.23 331 14
74564500 1297.763912 7307 14
74565380 25000.0 89282 89280
74565440 124000.0 89279 89280
74565840 6.5090627677 24020 10142
74567150 59.9991680323 41631 49892
74568510 7.2323 41631 16135
74569770 3.99637293043 10513 13400
74569870 7.2323 41631 16135
74569880 3.996381408 13400 11514
74571400 0.5 13675 13674
74572140 0.5099999995 89279 89281
74572320 12.6479999876 89282 89278
74572610 236.744494859 41631 51266
74573280 7400.0 16749 68275
74573690 0.075 12930 51911
74573700 0.075 12930 51911
74575000 110000.0 70538 84385
74575150 1740.0 12774 18450
74575320 1198.944 71940 32
74576440 8.32552876973 21073 321
74576440 3.905442 51196 14
74576450 8.32552876973 321 13873
74577070 0.7548 57468 84248
74577150 39.46 13873 57035
74577250 1100.0 70538 84400
74577260 98.65 13873 57035
74577260 11000.0 70538 84400
74577800 893.805630718 15103 53460
74577970 2970.0 21073 15103
74578250 2762.2 53460 21073
74578290 150.0 56969 21073
74578530 150.0 27999 6188
74579190 3616.14638385 41631 6188
74579610 75.0 27999 27937
74579930 3258.80204977 41631 22422
74580210 0.075 12930 51911
74580480 723.23 49401 14
74580580 1916.55949277 24020 10746
74581260 0.3 12930 51911
74581270 0.3 12930 51911
74581280 0.15 12930 51911
74581310 30.0 21073 56969
74581320 30.0 56969 12896
74581470 750.0 21073 56969
74581480 750.0 56969 12896
74581500 30.0 12896 22346
74581630 750.0 12896 22346
74581730 360.0 21073 56969
74581740 360.0 56969 12896
74581760 360.0 12896 22346
74582000 2169.69 11668 12311
74583180 2452.40059977 41631 22422
74583310 565.5 68464 18450
74583340 0.3 12930 51911
74583480 1.2 12930 51911
74584100 7232.3 11668 3851
74584240 480.0 9015 13221
74584820 0.15 12930 51911
74584830 0.15 12930 51911
74584870 0.3 12930 51911
74584910 300.0 21073 56969
74584920 300.0 56969 10186
74585070 15.499888 10186 53460
74585110 0.6 12930 51911
74585120 0.6 12930 51911
74585230 0.3 12930 51911
74585240 0.6 12930 51911
74585250 0.3 12930 51911
74585260 0.15 12930 51911
74585270 0.3 12930 51911
74585270 0.15 12930 51911
74585280 0.3 12930 51911
74585360 78.7227 10186 53460
74585490 1847.27405877 41631 22422
74585990 1846.5580683 41631 22422
74586010 756.093563968 41631 46954
74586030 815.30658099 41631 22422
74586830 4339.38 11668 8207
74587230 5385.6 22156 32
74587250 0.4508832789 41631 51268
74587510 1861.59401277 41631 22422
74587640 5.0 13675 13674
74587770 844.1612883 41631 10532
74588070 1.2 12930 51911
74588090 0.6 12930 51911
74588110 0.6 12930 51911
74588120 1.2 12930 51911
74588120 0.6 12930 51911
74588120 1.2 12930 51911
74588120 0.6 12930 51911
74588210 150.0 41379 27908
74588470 300.0 21073 56969
74588480 300.0 56969 27908
74588480 0.075 12930 51911
74588490 0.15 12930 51911
74588490 0.075 12930 51911
74588490 0.15 12930 51911
74588490 0.075 12930 51911
74588490 0.15 12930 51911
74588490 0.075 12930 51911
74588490 0.15 12930 51911
74588490 0.075 12930 51911
74588510 0.3 12930 51911
74588650 2874.0147678 41631 22422
74588670 10.6245452243 41631 13162
74588820 9.3525 13675 13674
74588880 0.3 12930 51911
74588880 0.15 12930 51911
74588880 0.3 12930 51911
74588880 0.15 12930 51911
74588880 0.3 12930 51911
74588880 0.15 12930 51911
74588880 0.3 12930 51911
74589200 2970.0 21073 15103
74589290 75.0 56969 11104
74589290 75.0 21073 56969
74589640 150.0 21073 56969
74589650 150.0 56969 11104
74589780 1.2 12930 51911
74589780 150.0 27999 20918
74589780 1.2 12930 51911
74589810 0.6 12930 51911
74589810 1.2 12930 51911
74589810 0.6 12930 51911
74589830 1.2 12930 51911
74589850 1.2 12930 51911
74589860 0.6 12930 51911
74589860 1.2 12930 51911
74589860 0.6 12930 51911
74589870 1.2 12930 51911
74589870 0.6 12930 51911
74589870 1.2 12930 51911
74589870 0.6 12930 51911
74589880 0.6 12930 51911
74589900 0.3 12930 51911
74590170 0.075 12930 51911
74590330 4.33938 41631 51268
74590590 770.413517968 41631 46954
74590610 1861.59401277 41631 22422
74590650 1850.1380568 41631 22422
74590870 0.3 12930 51911
74590880 0.3 12930 51911
74590900 1446.46 8620 14
74590920 0.075 12930 51911
74590920 0.15 12930 51911
74590920 0.075 12930 51911
74590920 0.15 12930 51911
74590920 0.075 12930 51911
74590940 0.15 12930 51911
74590950 0.3 12930 51911
74591840 313.5 27999 7824
74592220 0.72323 11668 12379
74592650 0.72323 66097 14
74593200 1.5 27999 28069
74593210 1.084845 66097 14
74593520 60.0 27999 28068
74593560 300.0 27999 25732
74593610 2.9001450677 41631 12499
74593950 1518.783 8620 14
74594010 300.0 27999 25732
74594240 1718.82841077 13713 14
74594350 1048.9366305 41631 22422
74594410 1.2 12930 51911
74594420 2.4 12930 51911
74594420 1.2 12930 51911
74594420 2.4 12930 51911
74594420 1.2 12930 51911
74594420 2.4 12930 51911
74594420 1.2 12930 51911
74594420 2.4 12930 51911
74594430 2.4 12930 51911
74594430 9.6 12930 51911
74594430 4.8 12930 51911
74594430 9.6 12930 51911
74594450 4.8 12930 51911
74594630 375.0 27999 25732
74594800 333.974790148 12930 51911
74595240 975.0 25732 27999
74595720 15.0 27999 28069
74595820 1500.0 21073 56969
74595830 1500.0 56969 14578
74595890 1196.96398622 15103 53460
74595900 300.0 21073 56969
74595910 300.0 56969 10387
74595980 15000.0 186 27999
74596660 900.0 27087 27999
74596680 0.3 12930 51911
74596680 0.6 12930 51911
74597160 300.0 27999 27087
74597470 300.0 21073 56969
74597470 300.0 56969 10387
74597520 1500.0 27999 27132
74597690 300.0 27999 27087
74597960 300.0 27999 27087
74598200 75.0 56969 10387
74598200 75.0 21073 56969
74598330 300.0 27999 27087
74598380 75.0 56969 10387
74598380 75.0 21073 56969
74598480 75.0 56969 10387
74598480 75.0 21073 56969
74598600 300.0 27999 27087
74598660 75.0 21073 56969
74598670 75.0 56969 10387
74598770 75.0 56969 10387
