42936530 0.72323 517 8629
42936540 0.72323 517 8629
42936550 2.4 7842 12894
42936550 0.72323 517 8629
42936560 0.72323 517 8629
42936570 0.72323 517 8629
42936570 361.615 1021 747
42936580 0.72323 517 8629
42936590 0.72323 517 8629
42936600 0.72323 517 8629
42936600 0.72323 7891 13873
42936600 0.72323 517 8629
42936610 0.361615 7891 7905
42936620 0.72323 517 8629
42936620 0.361615 7891 7905
42936620 0.72323 517 8629
42936620 0.361615 7891 7905
42936620 0.72323 517 8629
42936620 0.361615 7891 7905
42936620 0.72323 517 8629
42936630 0.72323 517 8629
42936630 5.78584 7891 7905
42936630 0.72323 517 8629
42936630 5.78584 7891 7905
42936630 0.72323 517 8629
42936630 5.78584 7891 7905
42936640 0.72323 7891 13873
42936640 0.361615 13873 7891
42936640 0.72323 517 8629
42936650 0.361615 7891 7905
42936650 0.72323 517 8629
42936660 0.72323 517 8629
42936660 5.78584 13873 7891
42936660 0.72323 517 8629
42936660 5.78584 13873 7891
42936660 2.89292 7891 7905
42936660 0.72323 517 8629
42936670 0.72323 517 8629
42936680 0.72323 517 8629
42936680 5.78584 13873 7891
42936680 0.72323 517 8629
42936690 0.72323 517 8629
42936700 0.72323 517 8629
42936700 0.3 15150 15157
42936700 0.72323 517 8629
42936710 0.72323 517 8629
42936720 0.361615 7891 7905
42936720 0.72323 517 8629
42936720 0.361615 7891 7905
42936720 0.72323 517 8629
42936720 0.361615 7891 7905
42936720 0.72323 517 8629
42936720 2.89292 7905 13873
42936720 0.72323 517 8629
42936730 0.72323 517 8629
42936730 0.361615 7891 7905
42936730 2.89292 7905 13873
42936740 0.72323 517 8629
42936740 0.15 15150 15157
42936740 0.72323 517 8629
42936750 0.72323 517 8629
42936750 0.72323 13873 7891
42936750 0.72323 517 8629
42936760 0.72323 517 8629
42936760 0.72323 13873 7891
42936770 0.72323 517 8629
42936780 0.72323 517 8629
42936790 0.72323 517 8629
42936800 0.72323 517 8629
42936810 0.72323 517 8629
42936810 0.3 12894 8046
42936810 0.72323 517 8629
42936820 0.72323 517 8629
42936830 0.72323 517 8629
42936840 0.72323 517 8629
42936850 0.72323 517 8629
42936860 0.72323 517 8629
42936870 0.72323 517 8629
42936880 0.72323 517 8629
42936890 0.72323 517 8629
42936900 0.72323 517 8629
42936910 0.3 12894 8046
42936910 0.72323 517 8629
42936920 0.72323 517 8629
42936940 0.72323 517 8629
42936950 0.72323 517 8629
42936970 0.72323 517 8629
42936980 0.72323 517 8629
42936990 0.72323 517 8629
42937000 0.72323 517 8629
42937010 1.2 7622 7629
42937010 0.72323 517 8629
42937020 0.72323 517 8629
42937030 0.72323 517 8629
42937040 0.6 12894 8046
42937050 0.72323 517 8629
42937060 0.72323 517 8629
42937070 0.72323 517 8629
42937090 0.72323 517 8629
42937100 0.72323 517 8629
42937110 0.72323 517 8629
42937120 0.72323 517 8629
42937130 0.72323 517 8629
42937140 0.3 9126 51911
42937140 1.2 7622 7629
42937140 0.3 9126 51911
42937150 0.72323 517 8629
42937160 0.72323 517 8629
42937180 0.72323 517 8629
42937200 324.296332 3353 22744
42937200 0.72323 517 8629
42937210 0.72323 517 8629
42937220 0.72323 517 8629
42937230 0.72323 517 8629
42937240 0.72323 517 8629
42937250 0.15 12894 8046
42937260 0.15 12894 8046
42937260 0.72323 517 8629
42937280 0.6 7842 8046
42937280 0.72323 517 8629
42937290 0.72323 517 8629
42937310 0.72323 517 8629
42937320 0.72323 517 8629
42937440 0.72323 517 8629
42937450 0.72323 517 8629
42937460 0.72323 517 8629
42937470 0.72323 517 8629
42937490 0.72323 517 8629
42937500 0.6 7622 7629
42937500 0.72323 517 8629
42937530 0.72323 517 8629
42937530 0.3 12894 8046
42937540 0.72323 517 8629
42937550 0.72323 517 8629
42937550 0.15 12894 8046
42937560 0.72323 517 8629
42937570 0.72323 517 8629
42937590 0.72323 517 8629
42937600 0.72323 517 8629
42937610 0.3 12894 8046
42937610 0.72323 517 8629
42937630 0.72323 517 8629
42937640 0.72323 517 8629
42937660 0.72323 517 8629
42937670 0.72323 517 8629
42937670 0.15 15150 15157
42937680 0.72323 517 8629
42937680 0.15 15150 15157
42937690 0.72323 517 8629
42937690 0.15 15150 15157
42937700 0.72323 517 8629
42937720 0.72323 517 8629
42937740 0.72323 517 8629
42937770 0.72323 517 8629
42937780 0.72323 517 8629
42937790 0.72323 517 8629
42937800 0.72323 517 8629
42937810 0.72323 517 8629
42937830 361.615 226 747
42937830 0.72323 517 8629
42937860 0.72323 517 8629
42937890 0.72323 517 8629
42937890 323.6598896 3353 22744
42937900 0.72323 517 8629
42937910 0.72323 517 8629
42937920 0.72323 517 8629
42937930 0.72323 517 8629
42937940 0.72323 517 8629
42937960 0.72323 517 8629
42937980 0.72323 517 8629
42937990 0.15 12894 8046
42938000 0.15 12894 8046
42938020 0.72323 517 8629
42938030 0.72323 517 8629
42938050 647.941757 22744 0
42938050 0.361615 7891 13873
42938090 74.78849107 44188 14
42938090 0.0375 15150 15157
42938110 0.0375 15150 15157
42938120 0.0375 15150 15157
42938180 0.72323 517 8629
42938190 0.72323 517 8629
42938200 279.8610808 8294 226
42938210 0.72323 517 8629
42938210 347.1504 747 226
42938220 0.72323 517 8629
42938230 0.15 15150 15157
42938250 0.3 12894 8046
42938280 348.59686 226 747
42938320 0.72323 517 8629
42938330 0.72323 517 8629
42938340 0.72323 517 8629
42938400 0.3 15150 15157
42938480 0.15 7568 15157
42938550 0.075 15150 15157
42938610 0.15 7568 15157
42938620 0.15 7568 15157
42938630 0.72323 7905 13873
42938640 0.72323 7905 13873
42938640 0.075 15150 15157
42938640 0.72323 7905 13873
42938650 0.075 15150 15157
42938650 115.355185 1021 4143
42938650 0.72323 7905 13873
42938660 0.075 15150 15157
42938660 0.72323 7905 13873
42938660 5.78584 13873 7891
42938670 0.075 15150 15157
42938680 0.075 15150 15157
42938690 0.075 15150 15157
42938690 0.075 7568 15157
42938700 5.78584 7905 13873
42938700 0.075 15150 15157
42938710 0.075 15150 15157
42938710 0.72323 517 8629
42938710 0.15 12894 8046
42938710 5.78584 7905 13873
42938720 0.15 12894 8046
42938720 0.075 15150 15157
42938780 0.72323 517 8629
42938790 0.72323 517 8629
42938810 0.72323 517 8629
42938820 0.72323 517 8629
42938830 0.72323 517 8629
42938850 0.72323 517 8629
42938860 0.72323 517 8629
42938870 0.72323 517 8629
42938880 0.72323 517 8629
42938890 15.18783 41631 44191
42938990 0.15 7568 15157
42939020 72.323 2660 14
42939070 0.075 7568 15157
42939080 0.075 7568 15157
42939090 0.075 7568 15157
42939100 0.075 7568 15157
42939110 0.075 7568 15157
42939120 0.075 7568 15157
42939130 0.075 7568 15157
42939140 0.3 12894 8046
42939140 0.3 9126 51911
42939140 0.3 12894 8046
42939140 0.075 7568 15157
42939140 0.3 12894 8046
42939150 0.075 7568 15157
42939160 0.075 7568 15157
42939170 0.075 7568 15157
42939180 1.2 9126 51911
42939490 0.3 7842 8046
42939490 0.075 9126 51911
42939490 0.3 7842 8046
42939490 0.075 9126 51911
42939500 0.075 9126 51911
42939860 433.938 226 3855
42940170 113.7930082 1021 4143
42940660 0.0072323 16793 16697
42940770 180.445885 1021 7326
42941100 951.047442768 1021 747
42941240 0.361615 7905 7891
42941340 2892.92 1021 843
42941370 21696.9 277 24020
42941400 5.78584 7905 13873
42941400 1.44646 13873 7891
42941400 5.78584 7905 13873
42941410 1.44646 13873 7891
42941420 1.44646 13873 7891
42941440 1.44646 13873 7891
42941450 1.44646 13873 7891
42941460 1.44646 13873 7891
42941630 28929.2 1245 9
42941960 647.941757 1021 3353
42942230 867.875992768 1021 747
42943120 72.323 24020 9329
42943300 0.15 9126 51911
42943830 3616.15 8598 226
42944250 279.8610808 41631 8294
42944250 398.716699 28 7597
42944310 0.0072323 16793 16795
42944370 0.3 7842 8046
42944380 1.2 7842 12894
42944390 1.2 7842 12894
42944400 2169.69 24020 8598
42944400 1.2 7842 12894
42944410 1.2 7842 12894
42944420 1.2 7842 12894
42944430 1.2 7842 12894
42944450 0.15 7842 8046
42944540 0.0072323 16793 17298
42944700 0.0072323 16793 8092
42945150 0.3 7842 12894
42945160 0.3 7842 12894
42945310 361.615 1021 4906
42945750 1.2 9126 51911
42945760 1.2 9126 51911
42945860 0.15 7842 12894
42945930 224.2013 41631 8294
42946210 5.92 29 18050
42946760 0.3 12894 7842
42946790 0.6 7842 8046
42946800 0.3 12894 7842
42946810 0.3 12894 7842
42946820 0.3 7842 12894
42946820 0.3 12894 7842
42946830 0.3 7842 12894
42946830 0.3 12894 7842
42946840 0.3 7842 12894
42946850 0.3 7842 12894
42946850 0.3 12894 7842
42946860 0.3 12894 7842
42946860 0.3 7842 12894
42947200 7.4 16075 16079
42947330 760.227438163 41631 3855
42947340 52.9700811977 1021 4832
42947370 0.185 9262 66274
42947780 2025.04399277 6393 9
42947840 1593.99892 6393 28
42947910 0.72323 517 8629
42947920 0.00194 16793 17442
42947920 0.72323 517 8629
42947930 0.72323 517 8629
42947950 0.72323 517 8629
42947960 0.72323 517 8629
42947970 0.72323 517 8629
42947980 0.72323 517 8629
42947990 0.72323 517 8629
42948000 0.72323 517 8629
42948080 0.72323 517 8629
42948090 0.72323 517 8629
42948100 0.72323 517 8629
42948110 0.72323 517 8629
42948120 0.72323 517 8629
42948190 0.72323 517 8629
42948200 0.72323 517 8629
42948210 0.72323 517 8629
42948220 0.72323 517 8629
42948230 0.72323 517 8629
42948240 0.72323 517 8629
42948260 0.72323 517 8629
42948270 0.72323 517 8629
42948280 0.72323 517 8629
42948290 0.72323 517 8629
42948300 0.72323 517 8629
42948370 0.72323 517 8629
42948380 0.72323 517 8629
42948390 0.72323 517 8629
42948530 108.4845 41631 7326
42948580 0.0072323 16793 6974
42948770 2250.0 6395 9761
42949330 0.00194 16793 8383
42949330 0.6 7842 8046
42949350 0.15 12894 8046
42949370 0.075 15150 15157
42949520 0.6 7622 7629
42949530 2.4 8079 6715
42949530 0.6 7622 7629
42949530 2.4 8079 6715
42949550 0.6 7622 7629
42949550 0.15 9126 51911
42949550 2.4 8079 6715
42949560 0.361615 7891 7905
42949560 0.15 9126 51911
42949560 0.361615 7891 7905
42949560 0.15 9126 51911
42949570 2.4 8079 6715
42949580 2.89292 7891 7905
42949580 0.15 9126 51911
42949580 2.89292 7891 7905
42949580 2.4 8079 6715
42949580 0.361615 13873 7891
42949590 0.361615 13873 7891
42949590 0.15 9126 51911
42949600 0.6 7622 7629
42949600 0.15 9126 51911
42949600 0.361615 13873 7891
42949620 0.361615 13873 7891
42949630 0.361615 13873 7891
42949630 0.15 9126 51911
42949630 0.72323 517 8629
42949640 0.15 9126 51911
42949640 0.361615 13873 7891
42949640 0.72323 517 8629
42949650 0.72323 517 8629
42949650 0.15 9126 51911
42949650 0.72323 517 8629
42949660 0.361615 13873 7891
42949660 0.72323 517 8629
42949660 0.15 9126 51911
42949660 0.72323 517 8629
42949660 0.15 9126 51911
42949660 0.72323 517 8629
42949670 0.361615 13873 7891
42949670 0.72323 517 8629
42949670 0.15 9126 51911
42949670 0.72323 517 8629
42949680 0.72323 517 8629
42949680 5.78584 13873 7891
42949680 0.72323 517 8629
42949690 1.44646 13873 7905
42949690 0.72323 517 8629
42949700 0.72323 517 8629
42949710 0.72323 517 8629
42949720 0.72323 517 8629
42949730 0.72323 517 8629
42949740 0.361615 13873 7905
42949740 0.72323 517 8629
42949750 0.72323 517 8629
42949760 0.72323 517 8629
42949770 0.72323 517 8629
42949780 0.72323 517 8629
42949860 0.72323 517 8629
42949880 0.72323 517 8629
42949890 0.72323 517 8629
42949900 0.72323 517 8629
42949980 0.72323 517 8629
42949990 0.72323 517 8629
42950000 0.72323 517 8629
42950020 0.72323 517 8629
42950030 0.72323 517 8629
42950040 0.72323 517 8629
42950050 0.72323 517 8629
42950060 0.72323 517 8629
42950070 0.72323 517 8629
42950080 0.72323 517 8629
42950090 0.72323 517 8629
42950100 0.72323 13873 7905
42950100 0.72323 517 8629
42950110 0.72323 517 8629
42950110 0.72323 13873 7905
42950110 0.72323 517 8629
42950120 0.72323 517 8629
42950120 0.72323 13873 7905
42950120 0.72323 517 8629
42950130 0.72323 517 8629
42950140 0.72323 517 8629
42950140 0.00194 16793 9024
42950140 0.72323 13873 7905
42950140 0.72323 517 8629
42950150 0.72323 517 8629
42950160 0.72323 517 8629
42950170 0.72323 517 8629
42950180 0.72323 517 8629
42950220 0.72323 517 8629
42950220 2.89292 13873 7905
42950230 0.72323 517 8629
42950250 0.72323 517 8629
42950260 0.72323 517 8629
42950270 0.72323 517 8629
42950320 0.0072323 16793 8165
42950350 0.72323 517 8629
42950370 0.72323 517 8629
42950380 0.72323 517 8629
42950390 0.72323 517 8629
42950400 0.72323 517 8629
42950410 0.72323 517 8629
42950430 0.72323 517 8629
42950440 0.72323 517 8629
42950450 0.72323 517 8629
42950460 0.72323 517 8629
42950480 0.72323 517 8629
42950490 0.72323 517 8629
42950500 0.72323 517 8629
42950520 0.72323 517 8629
42950520 0.361615 13873 7905
42950530 0.72323 517 8629
42950530 0.361615 13873 7905
42950530 0.72323 517 8629
42950530 0.361615 13873 7905
42950540 0.72323 517 8629
42950540 0.361615 13873 7905
42950550 0.72323 517 8629
42950550 0.361615 13873 7905
42950550 0.72323 517 8629
42950560 0.361615 13873 7905
42950560 0.72323 517 8629
42950570 0.72323 517 8629
42950580 0.72323 517 8629
42950600 0.72323 517 8629
42950610 0.72323 517 8629
42950620 0.72323 517 8629
42950630 0.72323 13873 7905
42950630 0.72323 517 8629
42950640 0.72323 517 8629
42950640 0.72323 13873 7905
42950650 0.72323 517 8629
42950650 0.72323 13873 7905
42950650 0.72323 517 8629
42950650 0.72323 13873 7905
42950660 0.72323 517 8629
42950660 0.72323 13873 7905
42950670 0.72323 517 8629
42950670 0.72323 13873 7905
42950670 0.72323 517 8629
42950680 0.72323 517 8629
42950680 0.72323 13873 7905
42950680 0.72323 517 8629
42950690 0.72323 13873 7905
42950700 0.72323 517 8629
42950720 0.72323 517 8629
42950730 0.72323 517 8629
42950730 150.0 25289 7112
42950740 0.72323 517 8629
