0.14088943133949086
0.12523981010386456
0.10507432643253548
0.0779593180400129
0.06780438170612917
0.06705540844213266
0.05792578948712745
0.0557865321243555
0.05334021914094561
0.05310695166972553
0.045993980211294236
0.045365763681981204
0.039763771324575994
0.03867479247402261
0.03485015169458152
0.033270561052791754
0.0319573232980212
0.03105259024850832
0.030801556136616264
0.02566110003748829
0.023356988326867972
0.022269081142631944
0.02210601784092605
0.021597747526826073
0.021422084861602
0.021122600308427057
0.019645545806360413
0.0195889879368673
0.01955935545816177
0.018444588548910845
0.015948925918836687
0.015273053805988415
0.014894271530862785
0.014864824755491828
0.01322152371201995
0.013100957755263895
0.012997568385933946
0.01250037115437995
0.012373139539238274
0.01199813665838076
0.01190800705659657
0.011854798807124105
0.011844375347413377
0.011579130648427898
0.011525216047481938
0.011296994629911558
0.01085613821460863
0.010557869833282165
0.010504913557199359
0.010301812951279705
0.009867394993263187
0.009865729936164
0.009673834043421448
0.009568804134596416
0.009469852554149756
0.009408489126860596
0.009255343519695975
0.00905126428192972
0.008676981815795539
0.008593930044351179
0.00858557397072878
0.00858187325301159
0.008554311483416935
0.008335050254742592
0.008328275877432224
0.007912476245778201
0.007839483869297437
0.007673961681083742
0.0075797517857733535
0.0073957789581775325
0.007371881480065339
0.007329587112137588
0.007276362667420277
0.0072277493615094624
0.0070983273238664855
0.007059779720679777
0.007056686851269501
0.006952247462709489
0.00680498214151199
0.006755914666848187
0.006754569592479245
0.006726678261445495
0.0066862673840645745
0.006686172484816287
0.006531492809374796
0.006508671154504459
0.006475836571094904
0.006451882488607446
0.00626982037308042
0.006223699732119697
0.006187839127524077
0.006175203266850242
0.006152627010202359
0.006074605393629419
0.006070800638165806
0.006056480492757225
0.005902269872429426
0.0058737044752707615
0.005808187943354294
0.005730484308122974
0.005669090862660139
0.0056178715391369625
0.005615556541654294
0.005574352601818501
0.005543242603351884
0.0055358496587572205
0.005402667266212347
0.005377728611680734
0.005357526225935683
0.005348165868071934
0.005293157223874546
0.005258567661443257
0.005246340542745421
0.005222080176392384
0.005184068410985608
0.004988710579770181
0.0049401753861756225
0.0049186907740319235
0.0048101414032596474
0.004794160081949788
0.0047799483712155835
0.0047505239967350985
0.004721309627935552
0.004704683193341851
0.004646758128561941
0.004572778134357658
0.004569617909737132
0.004531027833902136
0.004496271464490759
0.004485913058878615
0.004393882976991594
0.004351602556497372
0.004342174570256167
0.004246187716536024
0.004222572429061222
0.004178123640027765
0.004132742734046934
0.00412601248943863
0.00412063909254095
0.0041054363984758336
0.004079639221500879
0.004074306213903217
0.004060078586791689
0.004032038765898651
0.0040201847447810515
0.004000479498388685
0.003984979420511696
0.003971544442007205
0.0038677711520501657
0.0038622904359110577
0.003851478901470953
0.0038398521674134706
0.0038204890361029633
0.0037971602924891084
0.0037908265817318074
0.003767729935099945
0.0037551850929119935
0.0037395787658236067
0.0037313193107335677
0.003705474628856662
0.003695339124807064
0.003685546926058122
0.003632544370165496
0.003598961264006254
0.003597461503244851
0.0035295379764956427
0.003527802871292206
0.0035191086125021544
0.0035084703113126194
0.003479626325399203
0.0034475400428926064
0.0034114228671853187
0.003369759137315666
0.0033651173848842065
0.003351194278778367
0.003331182606154042
0.003328652684132939
0.0033238819771160403
0.0032963339602788307
0.003294227552815133
0.00328619614446495
0.0032840917818405045
0.003273601164312654
0.0032721652288034125
0.003269362609497091
0.0032634490003377284
0.0032602467656648857
0.0032530870636419615
0.0032528928987760348
0.00324266688828863
0.0032143906074631775
0.0031775284023110783
0.003171423707218473
0.0031644255546088977
0.0031488166540223476
0.003141932300202877
0.00309980863083016
0.0030941465751514814
0.003091109615074684
0.0030658339661557635
0.0030460889135154514
0.003033848831940781
0.0030331872768081893
0.0030286074088510255
0.003014995758189426
0.0029925536119909204
0.0029664611256692984
0.002962147770274931
0.0029601965571492955
0.0029528908120707077
0.0029473371759991
0.0029420059354712865
0.0029323295552234224
0.0029057016225934877
0.002900997093512592
0.0028973052217079074
0.0028951369734610587
0.0028877535341825192
0.0028798624873106896
0.0028574411945278696
0.0028270453420180964
0.002809960827676806
0.0028095141352604603
0.0028057527371237643
0.0027947611616208072
0.0027814826015156117
0.0027656643601707913
0.002760107299494477
0.002759347891169154
0.00269068403063803
0.0026807087168018613
0.0026772625774605374
0.0026712539980549145
0.0026667309895344765
0.0026553700321164113
0.0026496234334214782
0.00263284643091189
0.0026296784649064518
0.002614284747616685
0.0025642886612686215
0.0025439912313933474
0.0025392357460631816
0.002523993836708265
0.0025237388408030173
0.0025211983940494715
0.00251752914323455
0.0024970543402917764
0.0024793218707837832
0.002478218711180101
0.0024742432338414944
0.002458508315700251
0.0024278372839254448
0.002427235821408236
0.002426960893424159
0.0024098608210458834
0.0023910455917997386
0.002386746368293108
0.0023768219682352974
0.002374960409513451
0.0023440503736493062
0.0023407442595313323
0.0023386741862875555
0.0023271202242338375
0.0023246265196376617
0.002311946947262534
0.0022894844000844734
0.0022827457198698487
0.002270006867602245
0.002264660250955717
0.0022497195988673926
0.002239041304780781
0.0022381997964971245
0.002231561073991238
0.002216504988939925
0.0022031751422842962
0.0021969349576494213
0.00218660516578352
0.0021734116922072525
0.002171044281841234
0.0021581840155273646
0.002154050587679401
0.00214639881667991
0.0021408957356617523
0.0020991847837485283
0.0020958417961360527
0.0020945390689361986
0.002091928885023758
0.002090454724240172
0.002086573673030048
0.0020843513154794433
0.0020820652362621627
0.002081415275564938
0.002074948002186069
0.0020722887601802146
0.0020657091322545
0.002064216249877987
0.0020543103997035126
0.0020402192739914357
0.0020339064933249046
0.0020307947609568546
0.00201989473589281
0.0020168399005426165
0.0020141083111573418
0.0020088616190454514
0.0020062419028424624
0.001993920423852486
0.001987366168358925
0.001985360323889081
0.0019839798456965044
0.0019766147442702776
0.001974152482990269
0.001971059229961485
0.0019569039257592022
0.0019467283990482031
0.0019457084897814472
0.0019331460215705923
0.0019291627915615642
0.0019191141101015472
0.0019157157566728653
0.0019118938610564792
0.0019059369455939118
0.001903696863868142
0.001903008752322539
0.0019021100975030005
0.001900129103269859
0.0018884071858835698
0.0018874912250904854
0.0018818396079999216
0.0018641981173882836
0.0018460787795073407
0.0018412120240117198
0.0018384838277184913
0.0018366459818766917
0.0018328766908537915
0.0018197731641690367
0.0018192056444756596
0.0018137376195724393
0.0018127434708811753
0.0018032328653069393
0.0018005536069429263
0.001796481878304541
0.0017914166355558591
0.0017838850316027367
0.0017785545232750608
0.001768199096332096
0.0017662662534903622
0.0017656462535338593
0.001764377411911443
0.001763440988644968
0.0017631255075509595
0.0017570673996559678
0.0017565468681272796
0.0017508876444342187
0.0017299624293018617
0.0017047926741709863
0.0016999377531016367
0.0016973997533931725
0.0016923888032220511
0.0016916711291141502
0.0016900978942060451
0.0016880895507491234
0.001673312040532835
0.0016681412683512851
0.0016676064107207383
0.0016669453561806295
0.0016609741401333543
0.0016582949390069918
0.0016570040932660137
0.0016568394850665336
0.0016489422173656897
0.0016454004049998837
0.0016429258941128221
0.0016428716122776136
0.00164145824433429
0.0016330812315698943
0.001630095836022324
0.0016289606767766935
0.001628045343286806
0.0016248148945484293
0.0016150533740381422
0.001608779608208676
0.00160484529102537
0.0016002736504097145
0.0015974472724921268
0.0015937001056279664
0.0015820589327095887
0.001579041779407286
0.001576474710165939
0.0015699861920808343
0.0015695276390393737
0.001552359318987531
0.001551251379297435
0.0015502597677902112
0.0015496964185552618
0.0015465945390530729
0.0015404666064718297
0.0015378124480573568
0.0015334067040427759
0.0015093908422241465
0.0015054017774430756
0.001503981539247338
0.0015037449549661081
0.0015029159167492805
0.0014996915775679093
0.0014888602593313433
0.001486611736662258
0.0014836093671430973
0.0014767927512178683
0.0014767222348289054
0.0014748346057979562
0.0014662802001789415
0.001465215347628674
0.0014614206138257274
0.001460818570137887
0.0014514418419281912
0.0014503947656937836
0.0014472184165359797
0.0014437326594381305
0.0014411811935813306
0.001440853349676819
0.0014391107097928863
0.0014341389294372175
0.0014333506176428374
0.00141989172292965
0.001405942498317432
0.0014052218791841366
0.0013989882534233115
0.0013946016914625579
0.0013873790704325092
0.001379390461036246
0.0013735196370120498
0.0013594840126967492
0.001358971967936422
0.0013578846895350855
0.0013515510129586043
0.0013471386151309504
0.0013470822614652673
0.001337151303760056
0.0013362548285888677
0.0013353535991258445
0.0013325559432367253
0.0013262087888019827
0.001321613557311866
0.0013210314419526239
0.0013207684009745727
0.0013206120285189295
0.0013183411880918962
0.0013172004690135727
0.001314316372710191
0.0013099743316698817
0.0013098143671382196
0.0013066688263625864
0.0013034008513752354
0.0013004042463540225
0.0012979943223092943
0.001294260330411997
0.001293867241262941
0.0012910394644686492
0.001290240378681364
0.0012838127054340786
0.0012774001359053308
0.001275088218396272
0.0012745256993500903
0.001270295371224871
0.0012685636007147376
0.0012681367980930352
0.001267528246537824
0.0012645840590989545
0.0012583494957472039
0.0012580770642346066
0.0012537095357530248
0.0012528166105703583
0.0012513413509634866
0.0012449102425852398
0.0012400637930181815
0.0012386167622636488
0.0012365681760027184
0.001229702803040796
0.0012296860382249928
0.0012281320970299755
0.0012264361872612057
0.0012248735170661822
0.0012216717343514019
0.001217667923703242
0.0012106837848164117
0.0012098557548138086
0.0012083206567860166
0.001208262764410986
0.0012081913853780437
0.0012043427774985351
0.0012041144753141407
0.001201686667952698
0.0011986617339505277
0.001196221667145434
0.0011872082742737224
0.0011869490955133898
0.0011860461641017366
0.0011848290512867865
0.0011812510068455765
0.0011779604091640347
0.0011775180012019082
0.0011770312558459942
0.0011756863582562916
0.001174329069320268
0.0011737660840537875
0.0011706264890981753
0.001170568158342059
0.0011625884201960546
0.0011598059700741428
0.0011586100342585851
0.0011571202686460457
0.0011549973700619124
0.0011537529816390438
0.0011520636330962554
0.0011519099994054863
0.0011484844395529554
0.0011458280432745697
0.0011396529777087756
0.0011393973677519618
0.00113624893091634
0.0011342261147075459
0.0011272500470413645
0.0011270608639400602
0.0011265131391375353
0.0011245427273092487
0.0011115752841692782
0.0011110066109330464
0.0011103390589052504
0.0011080851530378604
0.0011062730994594852
0.001103711557134613
0.001103089616396759
0.0011016421942966661
0.0010975162315187978
0.0010961609154502973
0.0010956964561400064
0.0010953130847225804
0.0010910636107214512
0.0010907692829685424
0.0010869499147158495
0.0010853823154664166
0.0010853225572565663
0.0010783973529186605
0.0010759805251485675
0.001075454686597544
0.0010726067354872098
0.0010718196676031517
0.0010708732663667997
0.0010690208418452434
0.0010667921482044559
0.001066687307192258
0.001062678554945923
0.0010623334028012018
0.001059598676678014
0.0010581800845183354
0.001050978583938507
0.0010481652386419443
0.0010444903507437198
0.0010427343918448474
0.0010381061553893741
0.0010380696577999833
0.0010377438155669322
0.001036061879585203
0.0010358231287926863
0.00103532153563314
0.0010314304297374668
0.0010305137307150649
0.0010285603859271962
0.0010284966369200669
0.001028164384270327
0.001027619968456762
0.0010238765781550461
0.0010219568822055153
0.001019872506266334
0.0010192848767468185
0.0010140386198282407
0.0010140246189721041
0.0010111896033046562
0.001009601392464685
0.0010094587058632482
0.0010068919029229408
0.0010061741825657068
0.0010000166265251515
0.0009967469564512322
0.0009953672495149732
0.0009951065370653578
0.0009906702602319932
0.0009885725765975376
0.0009881122298435758
0.0009875403812552802
0.0009853248938080028
0.000984622712742377
0.0009829044028404552
0.000982286219686045
0.0009820271867391958
0.0009818434823841112
0.0009805097834536486
0.0009786698745694773
0.000975732714468802
0.0009755714017956154
0.0009740861764882718
0.0009701328245170013
0.0009677375246444483
0.0009672874216150045
0.0009671025801435484
0.0009658701938832865
0.0009598078837063313
0.0009585645295839092
0.0009568114315326887
0.0009540026490499302
0.0009508900205387845
0.0009468023704587864
0.0009459652545471657
0.0009455977467108971
0.0009451289022163943
0.0009417273395959338
0.0009403137082327136
0.0009385527342577974
0.0009365114616744414
0.0009357768774513174
0.0009327779531783373
0.0009318625961851742
0.0009301695340292473
0.0009274351454074339
0.0009208817511404405
0.0009186748791371639
0.0009145782798763859
0.0009136873876762749
0.0009125609280438091
0.0009112300527948826
0.0009094941177044408
0.0009085120219703755
0.0009066433805405038
0.000904373666930142
0.0009029207756659121
0.0009015389968681949
0.0009011454982397985
0.0008965878401129874
0.0008944103453521514
0.0008936190059014127
0.0008911741091941671
0.0008846864161623823
0.0008832815867441809
0.0008823571871097286
0.0008810304311634618
0.0008796853826951209
0.000877882736566646
0.0008770648603506021
0.000875321154560978
0.000875068139694933
0.0008734485671568454
0.000872914210220935
0.0008717454919594593
0.0008715405192064922
0.0008706414505545303
0.0008704869130265545
0.0008673776088055513
0.0008667812177119564
0.0008658950927188444
0.0008608185470863359
0.0008588059395572365
0.0008585089682173469
0.0008582127092998676
0.000857619379145825
0.0008574932673856786
0.000856141636484679
0.000855890645976891
0.0008515780084134779
0.0008513077735936625
0.0008504826139956398
0.000849023985950005
0.0008478617678957718
0.0008461688375735486
0.0008450882561910529
0.0008405044651893075
0.0008395297020987091
0.0008382123328502365
0.0008364029172400619
0.0008363062515445258
0.0008356372814699693
0.0008350564915601505
0.0008342297570773754
0.0008321532392658568
0.000831913343455369
0.0008314660225250201
0.0008309690741646005
0.0008300022984121884
0.0008296682182566325
0.0008268523534953689
0.0008267528514774502
0.0008248627445917622
0.0008201978415650089
0.0008178577281325178
0.0008149036611172354
0.0008147923152635178
0.000814599053436382
0.0008137838591830997
0.0008137800908641327
0.0008130310506501794
0.0008125415281759485
0.0008107694351149514
0.0008101744284747256
0.0008080078831963482
0.0008073258118201592
0.0008064441508340093
0.0008044047739723535
0.0008033156950970673
0.0008015555373561677
0.000798370934767272
0.000797627268326392
0.0007973330265590246
0.0007968441713662717
0.0007951567273793571
0.0007935602739256826
0.0007888552309853568
0.0007867798603532263
0.0007862886863460046
0.0007856430335918279
0.0007807471965547514
0.0007766185094723989
0.0007764302759569198
0.0007754075491983706
0.0007747847667631514
0.0007734043374349116
0.0007716260967969908
0.0007704891992411308
0.0007671567899967429
0.0007641900296326587
0.0007631622503922685
0.0007607756908332377
0.0007602630558724416
0.0007597590876777556
0.0007575384712348454
0.0007563144862569415
0.0007557458962486411
0.0007551738691538759
0.0007539346523922463
0.0007535731393546923
0.0007534707539788591
0.0007511972442003709
0.0007483774137351521
0.000747795509302725
0.000743856726947835
0.0007426217287519977
0.0007414346284272643
0.0007404150673809166
0.0007371078766290119
0.0007355307897797821
0.000733152141994527
0.0007307958379388344
0.0007304314815036524
0.0007301498894594894
0.0007299836644563535
0.0007288332874397245
0.000728810265910667
0.0007274466576537305
0.000723633244741893
0.0007222300925295306
0.0007215599796051602
0.0007194196319744982
0.000718628737630754
0.0007170921524727499
0.0007167989909716892
0.0007152525994481985
0.0007143375112324354
0.0007132152895344449
0.0007050772582086793
0.0007044619568107031
0.000704224020135911
0.0007042189773170781
0.0007031224602253138
0.0007027473115654026
0.0007013307810392769
0.0006999311114734893
0.0006974800946213418
0.0006962990680011973
0.0006943756898749612
0.0006942557639038617
0.0006915453518426855
0.0006914219446516275
0.0006904408364213572
0.0006903911382500643
0.0006888182920528965
0.0006856771541126714
0.0006844756751310889
0.000684373136082556
0.0006840208723196489
0.0006829644775723832
0.0006795068578033622
0.0006780099708357769
0.000677398292309033
0.0006756119831413608
0.0006744785293313211
0.000674180826070331
0.0006725834502477807
0.0006724010245703098
0.0006720430013800826
0.0006708322110308831
0.0006692128977319743
0.0006673270169335995
0.0006671857849031478
0.0006665116150979116
0.0006648305206964897
0.0006641264648937197
0.0006634820451496636
0.0006633353538104007
0.000658692562414146
0.000657457126134878
0.0006543328802323776
0.0006537289264502958
0.0006521069939018444
0.0006487657609655305
0.0006487304998531232
0.0006469138204144968
0.000646192364996332
0.0006455866336392778
0.0006451958717012224
0.0006421313439330996
0.0006407685889791786
0.0006404802562572829
0.0006404019132311271
0.0006368933897887752
0.0006366256007599005
0.0006350823728359144
0.0006337850005161224
0.0006335565774822701
0.0006325527949945459
0.0006305886761706945
0.0006267787652491124
0.0006265684031321627
0.000625721131227496
0.0006247920647456314
0.0006222744731149356
0.0006217223648208147
0.0006205388138313647
0.0006204649516580084
0.0006199374231896635
0.0006198917480929703
0.0006166648479470807
0.0006160044123549236
0.000615572392383286
0.0006154008905479924
0.0006133791223422217
0.000611277634037507
0.0006090618275311479
0.000607962925487178
0.0006068426054907408
0.0006063598914355281
0.0006048129512415069
0.0006045282560667351
0.0005990742322741903
0.0005981259140501821
0.0005979900469811583
0.0005977787275183525
0.000597085180387513
0.0005954712565323502
0.0005954557777793707
0.0005944410434927772
0.0005939944399229944
0.0005939030300314858
0.0005922373685836416
0.0005919400722814844
0.0005910220336146652
0.000589985750881848
0.0005857790667543397
0.0005856944877350028
0.0005848831402663919
0.0005846574833168522
0.0005836893554740793
0.0005835837093086128
0.0005783258684371728
0.0005778088945751044
0.0005775684062381799
0.0005761614930993468
0.0005741473146275177
0.0005733080625261289
0.0005721452814203734
0.0005708542523155517
0.0005681805329780242
0.0005663670912657558
0.0005663414616663002
0.0005658769882750203
0.0005655879110441961
0.0005649666632606931
0.0005644757924249831
0.0005634883300139373
0.0005626488298277146
0.0005597600361681474
0.0005595447712883521
0.0005587691711456337
0.0005585968520043903
0.0005579336455410644
0.0005578286629091312
0.0005570675782922364
0.0005568239409631365
0.000555919171389167
0.0005544089622351663
0.0005537523911371687
0.000551850605344569
0.0005510993534082396
0.0005505747661094125
0.0005501986058464975
0.0005488245923346389
0.0005475841156326098
0.0005464115210372833
0.0005455228750207102
0.0005449862100799554
0.0005449565152020903
0.0005425372223389331
0.0005421205259534173
0.0005400858946658726
0.0005372877124171327
0.0005364418134318881
0.0005359058811609173
0.0005356917850139861
0.000533730427398081
0.0005316754378455493
0.0005308108449591398
0.0005304933951810765
0.0005295573452195723
0.0005293537260088544
0.0005276067868585342
0.0005275317895493323
0.000525717280102022
0.0005257079040289962
0.0005240176703709528
0.000523007916076418
0.0005204133126195583
0.0005192809814341055
0.0005168500710264671
0.0005165658395380043
0.0005155441380870056
0.0005153202544936653
0.0005151303042940479
0.0005145959171854714
0.0005130750706925684
0.0005128312314566455
0.000511400858295624
0.0005104887039978199
0.0005100317348920447
0.0005087310868068993
0.0005076714526181947
0.0005063235059844171
0.0005024279629317043
0.0005017501048929458
0.0005016704534689663
0.0005001292317663308
0.0004965312102472537
0.0004959654931866278
0.0004956019058899824
0.0004921378612305445
0.0004920524775214218
0.000491104102061442
0.0004906684122637774
0.0004904734943590793
0.0004898789278875422
0.0004886983426672559
0.00048824297926941367
0.0004861981221189776
0.00048594585384544026
0.00048532780965276304
0.0004852597150015543
0.00048435892119434406
0.0004831009923629771
0.000482788439546578
0.0004822220038568582
0.0004816037485018957
0.0004805610037975201
0.00048051122293711086
0.0004800772060698218
0.0004794054080866306
0.00047914167193067157
0.0004788507818848532
0.0004776466313157581
0.0004775601467985611
0.00047593264234551265
0.0004748348378845803
0.00047463159758700434
0.0004744167222815796
0.00047373510641534315
0.00047338863991171215
0.0004724388398246397
0.0004709404397828167
0.00046935558862929653
0.00046789546454088126
0.0004673353115634402
0.00046684773619444693
0.00046360488578375586
0.00046338640755074623
0.00046224899803617227
0.00046132177693837946
0.00045859404254902316
0.0004585090060450156
0.0004583022121933538
0.0004575546235157878
0.000456724776665542
0.00045662785200865626
0.00045617793790088553
0.000455431661669695
0.0004550543069863322
0.00045470082627108415
0.00045193327258203427
0.0004514956852285083
0.00045140315358286893
0.0004504658176002041
0.000450081201482927
0.0004497582902424697
0.00044954336477260486
0.0004494916131559318
0.0004483444063959568
0.0004483349041138776
0.0004482642870515385
0.0004455614562682864
0.00044488617412343434
0.00044472520892062216
0.00044191617756205484
0.0004417647747237645
0.0004407321089407443
0.0004383209509218178
0.000437985780182638
0.00043735353667801857
0.00043702458656006625
0.00043669754900279813
0.0004350882037767304
0.0004337274231967385
0.00043274412186796997
0.00043261512298601207
0.0004323406766665804
0.00043226440533177863
0.00042889785839083576
0.00042882769337659573
0.00042781425775507954
0.00042779259774232767
0.00042755123755574284
0.0004273226417432132
0.0004264177062526157
0.0004263918544645641
0.00042505476360103826
0.0004233286211785746
0.00042289836840481984
0.00042043958038299724
0.0004198622807461449
0.00041882596789655344
0.0004186589748008398
0.0004176905128895234
0.0004175578375635826
0.0004172496511869153
0.0004170789129644175
0.0004118885421929909
0.0004104591634581613
0.00040954499634031084
0.00040802772201276554
0.00040635855201618586
0.000403667306905209
0.0004035128771565702
0.0004033862781161463
0.0004012172882857997
0.0003995891563358922
0.00039927258455961084
0.00039776920514841835
0.000397423665098089
0.000395557260106544
0.0003938378982380471
0.00039329351595367813
0.00039282471247280146
0.00039150010148641603
0.00039091473864238827
0.00039007747872493373
0.00038860950643630353
0.0003883300401982057
0.00038815568493032703
0.00038774679151921493
0.0003871408722454953
0.00038603685629725346
0.0003853028938424465
0.0003848875801222749
0.00038345718381406393
0.0003829238353988849
0.0003828766370014298
0.0003826982788958659
0.0003826547868691019
0.0003825630053894593
0.0003819172266360225
0.0003815300063460832
0.0003805978318785197
0.00037975808671448054
0.00037875057767455974
0.0003776800888768389
0.00037726235379219834
0.0003771351075312875
0.00037641305158279536
0.0003757974748236219
0.00037451354115978884
0.00037290144659416326
0.0003724822720484496
0.000371907715237344
0.00037180512658303356
0.0003705812575518931
0.0003701103074385302
0.0003697132433130522
0.0003684366202254946
0.00036758611807498093
0.00036673269863894095
0.0003662419617378924
0.0003658087210385943
0.000365701555553569
0.0003656097367432181
0.00036439289026246043
0.00036408753768306195
0.000363755953810168
0.0003600241789351815
0.0003583743231556969
0.00035816301782345565
0.00035783607279784555
0.00035515688729834496
0.0003538134975905813
0.00035359244084682976
0.00035305931390396887
0.00035299053492680773
0.00035266133085904653
0.0003524347071915957
0.0003504167469069279
0.00034987605637433814
0.00034920024753748446
0.0003487720431231841
0.0003487351099554916
0.00034828555625419547
0.00034750078788786985
0.00034734450985056923
0.00034657172295848393
0.0003463831357800079
0.000345528278183574
0.0003442103504666384
0.0003441251798002511
0.00034346288567204384
0.00034290015637372645
0.0003424277394306768
0.0003408206010604927
0.0003404268931149896
0.0003400889411097736
0.00033998457940962427
0.0003386177095690573
0.0003376915594608174
0.0003375579260512758
0.00033742185299395137
0.0003367198205039009
0.0003362161497770942
0.0003361524040600973
0.00033483086033625253
0.0003333117944466662
0.0003332916505768632
0.0003330138229668371
0.00033266825874821344
0.0003325710527301993
0.0003319774413914427
0.00033164821970627225
0.00033151120791959635
0.0003311518071346923
0.00033081339799560046
0.0003304356290980109
0.0003294233333004914
0.00032865955865999345
0.00032862352187817175
0.0003283713296196336
0.00032815074907518863
0.00032810160463056515
0.00032764349376189126
0.0003274391794659479
0.00032728868632993707
0.00032724224008445784
0.0003271101262499844
0.0003267715884605459
0.0003265361473728474
0.00032423119244260256
0.0003228537385633412
0.0003227600457975594
0.0003213609037821811
0.0003213443825870339
0.0003200903407237919
0.0003194038985090923
0.0003187388317871098
0.0003185915064565256
0.0003173117341486964
0.0003168078534111625
0.0003161255405479086
0.00031604309955739484
0.00031474790979418176
0.0003146572982905014
0.00031444429540267795
0.0003141922994171605
0.00031390277432366375
0.00031203617101533906
0.0003119863930985641
0.0003114220182169393
0.00031039492259718595
0.0003102746524125035
0.0003097930820015108
0.00030854974389826377
0.00030788910998375116
0.00030786734590927163
0.00030593584434902973
0.00030547154327838173
0.0003053470491598252
0.00030464700776845327
0.0003044421745535285
0.0003038861641300833
0.00030365579982757657
0.0003020656259665381
0.0003016426310382899
0.00030105628277568694
0.00030099457252745937
0.0003000102874346007
0.00029951781474938424
0.0002994934621983697
0.0002990390268045906
0.00029840162629101455
0.0002980148378169379
0.0002975718287940882
0.0002969010614457971
0.0002961680634952454
0.0002959476410802573
0.0002949123033573474
0.0002940972618352196
0.0002939967859689729
0.0002931675691778238
0.0002930343878991212
0.00029206866871141435
0.00029150849282898796
0.00029064987245992324
0.00028965835395530326
0.0002894728915223709
0.0002887304910230846
0.0002880641374144247
0.0002876311740191349
0.00028707095905491757
0.00028624280197566006
0.0002860195684588633
0.0002855951690013356
0.00028546399669881177
0.00028492197262819824
0.00028471624023222286
0.00028432388602659786
0.0002839582858777678
0.0002834211229807632
0.0002830127125813846
0.00028262301504095835
0.0002824001845197347
0.00028144235339765805
0.00028079229595754263
0.0002804040946279972
0.00028036745017585336
0.00028016697185579906
0.0002790937942853859
0.0002779678953674851
0.000277902639297419
0.00027717755080027375
0.0002762542457694551
0.00027577386001072224
0.0002733702062004764
0.0002731745372355711
0.0002728820324997641
0.00027252002057038264
0.00026994959008778876
0.0002699302486946132
0.00026940954923491473
0.0002694034319814174
0.0002692829199591376
0.0002692106182770177
0.00026799433550547916
0.00026714875720903466
0.00026706662611508214
0.0002670344952681671
0.0002662678060174265
0.0002661154350650176
0.00026601769148725684
0.00026557631701878276
0.0002648783209888821
0.0002644899761684243
0.0002641878028237486
0.000263997688506207
0.00026376057249827354
0.0002629436742824497
0.0002628376554328961
0.00026243924460692467
0.00026200303170110075
0.0002619739626621941
0.0002616504042727249
0.00026136439672857993
0.0002611054741281168
0.00026031117023313834
0.0002602356318442747
0.00025987705780210614
0.0002598179757291587
0.00025875294237488473
0.00025874214666908997
0.00025768870339659217
0.0002559252726291964
0.0002557264466843501
0.00025570673964788273
0.00025568497613027253
0.00025556051936831355
0.00025554733733701505
0.00025520645523504823
0.0002549964734426718
0.00025494158645247524
0.00025489004894769737
0.0002544056612419549
0.00025404173213278993
0.0002533048688978941
0.00025300752206555786
0.00025237782642585844
0.0002514501359637576
0.00025015461782839206
0.0002500888300992087
0.00024964205032254117
0.0002475687022289949
0.0002467240296752964
0.00024612536483597223
0.00024520292099603196
0.00024500664650899264
0.00024492602007916974
0.00024466078727004576
0.00024315594574556097
0.0002423066832271733
0.00024222348370342054
0.000241707097766546
0.00024168105947242462
0.00024089280113603624
0.00024042594359120745
0.00024035608133030637
0.00024031935631001192
0.00023870218964781027
0.0002385019054282456
0.00023761137876612405
0.00023727656397749656
0.00023725691124222966
0.00023604092889790832
0.0002350652172524257
0.00023498594715725578
0.00023497002094686656
0.00023451862670475444
0.00023432824083789253
0.00023409118212890193
0.00023356411318566358
0.00023348855489830193
0.0002332154136484068
0.00023293473200975093
0.00023235551101914723
0.00023168172349510936
0.0002314965482402916
0.00023144509300013853
0.0002311523248898545
0.00023089591484800378
0.00023087085678594546
0.00023077000928061877
0.00023057228689837213
0.00023020885828887314
0.00022997073384490877
0.00022980241223026382
0.00022895908211625332
0.00022880977536999012
0.00022872541370378606
0.00022819026519159397
0.00022796501569408178
0.0002277557296496036
0.00022772739457203704
0.00022679611201380497
0.0002263714308878009
0.00022536711198239148
0.00022456896107350384
0.00022342383584360187
0.0002231391258499185
0.0002230321129519859
0.00022228553075196743
0.00022214865644561992
0.00022193836698612118
0.00022151999470125137
0.00022137502254230128
0.0002211415379492156
0.00022041662110782863
0.00021993299951299537
0.00021912713085242238
0.0002179940639923321
0.00021778772272548183
0.00021738197256287683
0.00021730431246827354
0.00021652809660171573
0.00021571591439166097
0.0002154660542794592
0.00021543935564333455
0.00021405434768993436
0.0002137455423062953
0.00021351407057769648
0.0002130399992487447
0.00021222833190132328
0.0002121372523760475
0.00021179092916782602
0.00021117758149133683
0.00021106448334445494
0.0002110218145266842
0.00020998674116790491
0.00020858474615281433
0.0002082206449255087
0.0002079755093057634
0.00020778471505970738
0.0002075209471350021
0.00020733295568449873
0.00020706046579737947
0.0002054970712231665
0.00020508145175980193
0.00020491800646991386
0.00020485625678263113
0.0002046997431390842
0.00020431540271743763
0.00020362399344070098
0.0002030875921944525
0.00020216646413948787
0.0002019740667051925
0.00020188611967693898
0.00020137976432622385
0.00020084486387671765
0.00020081783213953339
0.00019863144244477093
0.00019786522281901403
0.00019757770204731066
0.0001975276492279832
0.00019740804070937063
0.00019737797652145072
0.00019673792234878459
0.00019626322724667256
0.00019604600131772933
0.00019552305032564436
0.00019438611695822612
0.00019415951304439983
0.00019408580450380985
0.00019351890027112756
0.0001932174665062326
0.0001921700325027206
0.0001915481192355407
0.00019133099655722975
0.00019042687963281477
0.0001904093889560851
0.00019019013602746394
0.00019007112163191221
0.00018944214099998887
0.00018931203131675276
0.00018876594588972982
0.00018841788159199891
0.00018831172983526908
0.0001876955503948045
0.00018755183757439178
0.0001874553184189136
0.00018710764769252187
0.00018652456620657756
0.0001858710020014006
0.00018571239715474224
0.00018565585128743072
0.00018538833320561282
0.0001853535649579978
0.00018479709280018808
0.00018461619583347945
0.00018445717220005853
0.00018386834932635924
0.0001835241213526297
0.00018197815129011093
0.00018108962794244864
0.00018081920172708675
0.00018033189436811566
0.00018025436883087098
0.00018019765458895167
0.0001801526760518786
0.00017983353129916822
0.000177909076515082
0.0001778887990726257
0.00017761761684982925
0.00017737752251016778
0.00017677389175665633
0.000176702382257852
0.00017669877204245715
0.00017660818862130534
0.00017654375636623574
0.00017627456545206717
0.000176089335061214
0.00017458906464905565
0.00017450289524735874
0.00017439289346833628
0.0001741148900044773
0.0001738543476649339
0.00017374592231560147
0.00017324850531555682
0.000173114654615615
0.00017289519167196268
0.00017276248119216562
0.0001723968709716485
0.00017187970396875148
0.0001716175575833265
0.0001712320224579222
0.00017112027974057234
0.0001709995302153566
0.00017081010555112584
0.00017016590726214603
0.00016889044684794096
0.00016834305971379234
0.00016784375489991234
0.00016722390651551547
0.0001671363480477729
0.00016705279001574173
0.00016675568857770656
0.00016637160158724102
0.00016619493281461466
0.00016618103131034473
0.00016583438968371074
0.00016555725061253988
0.00016501511497317661
0.00016478450645567334
0.0001645955310692065
0.00016452448029244745
0.00016430999967767169
0.00016418736254616553
0.00016414065616834813
0.00016401404173241232
0.00016345936986427652
0.00016293008115439157
0.00016280593576749542
0.00016243622910572095
0.00016129006991764578
0.0001608784309968333
0.00016069162985916726
0.0001605622669747108
0.0001605417259999416
0.00016005677897408334
0.0001598670418004778
0.00015979632484555795
0.00015968525482081827
0.0001594603851509827
0.0001592540059533232
0.00015924797256932114
0.00015901731957283633
0.00015844858331353978
0.00015843746977489212
0.00015690049060807087
0.0001555197730914904
0.0001553837277154387
0.00015532971646299882
0.00015484007476774427
0.0001548002357758476
0.0001546339046475848
0.00015454877853244856
0.00015431753643135865
0.00015415203961565837
0.0001540394948482166
0.00015304418472975248
0.00015298742557900288
0.00015284752360519765
0.00015234664689426397
0.00015233824331231563
0.00015231592827421382
0.00015195799358204095
0.00015167099525795034
0.00015131299214910546
0.00015123731827723527
0.0001509896926553497
0.00015058122047688593
0.00015034265170221455
0.0001501928135092953
0.0001499586172281335
0.00014970540684683628
0.0001494745216524487
0.0001491768178512156
0.0001487608313064905
0.0001487003902442547
0.00014807446102697744
0.00014765850457961176
0.00014716359683739633
0.00014705882972264512
0.00014696272051379733
0.00014667609088516654
0.00014641156315150646
0.00014620573566863945
0.00014614204228364036
0.00014593378673071017
0.0001457674235667391
0.00014529531280793088
0.00014521488093716963
0.0001445346410795184
0.00014451630196170596
0.0001444482345580466
0.00014439092133187168
0.0001443066393710423
0.00014425236003117793
0.00014420669914191967
0.0001441291593173835
0.0001439267040644143
0.000143842191499342
0.00014370082433205856
0.00014319920663272332
0.00014302437474096933
0.00014291870968275233
0.00014259752681559424
0.00014242380712687673
0.0001423710758239058
0.0001423014118588751
0.000142243982319456
0.00014212986576780674
0.000141997057962972
0.00014189870987033298
0.0001416238011008934
0.0001415985424219162
0.00014151213729662082
0.00014145174732403047
0.0001406584826836056
0.00014053250995583482
0.0001404427452552674
0.00014025261865053157
0.0001402193829547217
0.00013996769939522352
0.0001395803674560862
0.00013932633976650484
0.0001391700708022827
0.00013904837312891932
0.00013901782885583416
0.000138877357002991
0.00013841513161037125
0.00013775395850558405
0.00013750706534690552
0.00013739315122658497
0.00013729163658523
0.0001365372184382709
0.00013637072215449172
0.00013599744293307553
0.0001355492295464343
0.00013507201816770144
0.00013412386229688807
0.0001335983921684338
0.0001330916449685735
0.00013301561766237565
0.00013292772490724902
0.00013256456533957802
0.0001315819505058807
0.00013152935750150458
0.00013095009071852827
0.0001308979144002501
0.00013065591973157416
0.00013060977011723857
0.00013051990036086033
0.00013040297349569335
0.00013030541251412284
0.00012979126239896262
0.00012957903951578287
0.00012957447179642143
0.00012950958610920475
0.00012899896600324578
0.00012877702636426562
0.00012865888987768635
0.00012796724039775416
0.00012777484230435396
0.000127668657573776
0.00012754888341933303
0.0001274063909680767
0.00012714336910987876
0.0001269901891517312
0.00012674558385105455
0.00012660840487756477
0.00012642803639632925
0.00012603140724164774
0.00012592658756362758
0.0001258104247215749
0.0001254998880565973
0.00012523063841545878
0.0001251226101745155
0.00012471894809475763
0.0001246555539015893
0.0001241025493569568
0.0001233732020839199
0.00012323331650252665
0.00012285148134516988
0.00012229587472194342
0.00012199632278619449
0.00012181714904321729
0.00012176231069173435
0.00012137426535249827
0.0001212320810381988
0.00012108528534108687
0.00012089261010631438
0.00012071416036985937
0.00012063013330648132
0.00012006246335120654
0.00012003001108254175
0.00011981808764794795
0.00011935571157915622
0.0001189515769398354
0.00011888424338145303
0.0001184666875517774
0.00011842536470090423
0.00011832335097945643
0.0001179131196170585
0.00011781486461606129
0.0001177726890425748
0.00011757525161215005
0.00011738015802983659
0.00011704015308465208
0.00011650130199195757
0.00011647680645828997
0.00011645841288554952
0.00011623086127348034
0.00011608617471067159
0.00011600242457127387
0.00011565336560155075
0.00011557872368554812
0.00011548126430224589
0.00011540076844484482
0.00011540041662165452
0.00011521245824712171
0.00011489514669661664
0.00011485783836581231
0.00011483466577239406
0.00011475602694679135
0.00011436858345761303
0.00011411453621410422
0.00011391364521156135
0.00011375095214521926
0.0001130750754490748
0.00011295486163774504
0.00011267637012884325
0.00011266109490114692
0.0001126168998392299
0.00011250500917094052
0.00011232353641050487
0.0001123011304214487
0.00011220662676456628
0.00011204863386590008
0.00011193848446141703
0.00011193466855198344
0.00011168988878853385
0.00011160253630876726
0.00011132909655181588
0.00011115270324915738
0.00011070479805967947
0.00011068064367060528
0.00011056822933918178
0.00011045662654692074
0.0001103790775233708
0.00011036088046870575
0.00011024933032904056
0.00011022071060372063
0.00011010855343032053
0.00011008341696508884
0.00010985661773873073
0.0001095682442905406
0.00010951934722760572
0.00010917384965561993
0.00010916673401533344
0.00010915113967861928
0.00010886123571915264
0.00010799233516938689
0.00010789196557247083
0.00010778089490241808
0.00010744231807938948
0.00010740078388810518
0.00010739752122908149
0.00010705114959387626
0.00010652128029877194
0.00010628378121728079
0.0001061385155410605
0.00010581101414485222
0.00010558304679114314
0.0001052628931261133
0.00010510742475872863
0.00010508095146638615
0.00010505035216530238
0.0001046899608791539
0.00010450118239946436
0.00010438029605665715
0.00010433789796543065
0.00010426923307043229
0.00010423959585699183
0.0001041762006104195
0.00010409593134386931
0.00010389016569883521
0.0001038850529514028
0.00010292809388651801
0.00010280423419180488
0.0001027437693225908
0.00010261382178160425
0.00010225287220022747
0.00010203419959161515
0.00010142982422666996
0.00010083175266848366
0.00010065246134418113
0.00010047675069279782
9.979101133470788e-05
9.978172507971664e-05
9.951448983639966e-05
9.880850312704455e-05
9.879977613805182e-05
9.868454900899677e-05
9.859743622288344e-05
9.841893509474116e-05
9.813542686846912e-05
9.810546038363976e-05
9.800650738331976e-05
9.783491806776181e-05
9.766613215892715e-05
9.76269074855445e-05
9.762449912760955e-05
9.750341142094974e-05
9.741079813478377e-05
9.715560082976048e-05
9.6787470398036e-05
9.660684327403569e-05
9.660158359337503e-05
9.655610524329367e-05
9.629514881921409e-05
9.629178698092852e-05
9.621746538259881e-05
9.594153056817839e-05
9.590996596289169e-05
9.583648626767287e-05
9.534801287880586e-05
9.523201844750294e-05
9.519866334279723e-05
9.463041142881615e-05
9.454262226823332e-05
9.452280642835812e-05
9.449632629526004e-05
9.432624148909901e-05
9.423904764640793e-05
9.403613455906085e-05
9.3802786282169e-05
9.337496118505655e-05
9.325824887331313e-05
9.321024143491138e-05
9.312961664652262e-05
9.274736752730148e-05
9.248714075437766e-05
9.235463717647904e-05
9.223694071840965e-05
9.215654578914851e-05
9.19718851981436e-05
9.19245421661237e-05
9.185330703087878e-05
9.179406969532226e-05
9.164744893042509e-05
9.15761348392046e-05
9.147051695839663e-05
9.138140529990078e-05
9.137792054564682e-05
9.116199676274549e-05
9.114711316067702e-05
9.10309904806361e-05
9.079878584330787e-05
9.072430335439047e-05
9.005059343659924e-05
9.00235068413339e-05
8.999682055774534e-05
8.990932484479071e-05
8.986496840080917e-05
8.972309480818648e-05
8.955603929647179e-05
8.942935649346382e-05
8.937099840423772e-05
8.928624396772275e-05
8.920044568971694e-05
8.886485371509636e-05
8.872712027495587e-05
8.857807651468093e-05
8.845148814817691e-05
8.832472186945236e-05
8.770990003208194e-05
8.767417787153364e-05
8.741334550601766e-05
8.736491638810635e-05
8.734963730206677e-05
8.728921725835005e-05
8.68145728178489e-05
8.680466052646214e-05
8.609754017898257e-05
8.598579534675497e-05
8.561692636442259e-05
8.536180197189589e-05
8.502313759710887e-05
8.479077320624131e-05
8.476496255973639e-05
8.474175813004955e-05
8.431466052636993e-05
8.419286506646546e-05
8.397601314232739e-05
8.39740193486789e-05
8.357213874005789e-05
8.332476391415969e-05
8.207010200142329e-05
8.130620190007684e-05
8.127346153663736e-05
8.114548526277446e-05
8.101246617927612e-05
8.092146263708434e-05
8.091753974375574e-05
8.084726730051436e-05
8.079100595950837e-05
8.039101280956637e-05
8.024911380904895e-05
8.006431862684622e-05
8.004194029881849e-05
7.973190957122606e-05
7.943965064424261e-05
7.917719854424874e-05
7.914952341736759e-05
7.902112209864577e-05
7.88005680484343e-05
7.876344652413923e-05
7.876196425444688e-05
7.86660883862152e-05
7.854145951216122e-05
7.853144917804801e-05
7.842914642682919e-05
7.836454937821455e-05
7.821448341380338e-05
7.819288455901738e-05
7.774394427662582e-05
7.760907244457728e-05
7.749777652941299e-05
7.747883292919074e-05
7.74577848230944e-05
7.742629175076175e-05
7.72927056309341e-05
7.625116828355902e-05
7.616111253085027e-05
7.5848548235529e-05
7.584041120058322e-05
7.579397877119719e-05
7.562204216045024e-05
7.55184295958832e-05
7.549719728052256e-05
7.542545800766618e-05
7.527928831252568e-05
7.499269586455722e-05
7.493035467277296e-05
7.49271208178979e-05
7.481593327341883e-05
7.461251081288866e-05
7.435064969438438e-05
7.410050709672512e-05
7.377793319460919e-05
7.371035870693304e-05
7.369274715637742e-05
7.366221733127632e-05
7.361125848696845e-05
7.357829553841874e-05
7.344727928028849e-05
7.325368504369206e-05
7.299967356407773e-05
7.265978582815995e-05
7.25358441780926e-05
7.244905782948045e-05
7.233643689138401e-05
7.215902395948454e-05
7.194964643820045e-05
7.122556408385262e-05
7.12195383656463e-05
7.114926120474549e-05
7.106799675281233e-05
7.103531676706706e-05
7.103290184553218e-05
7.081457970498484e-05
7.07768906391381e-05
7.052580138014054e-05
7.038610113965524e-05
7.013215889548581e-05
7.004101885466729e-05
6.954022157647368e-05
6.940560488597577e-05
6.930498684697752e-05
6.927138123817793e-05
6.912177531201171e-05
6.910635056322812e-05
6.906845335953844e-05
6.888278834716143e-05
6.86138356992832e-05
6.854154148210993e-05
6.83915905663728e-05
6.723216306944702e-05
6.703277866284204e-05
6.683458708344093e-05
6.679465770128432e-05
6.668212474653589e-05
6.654789320162578e-05
6.647286079641658e-05
6.641855116249909e-05
6.619938145813206e-05
6.616412437705034e-05
6.616102325572534e-05
6.606767299950327e-05
6.581658316835155e-05
6.572833849624852e-05
6.566048503472913e-05
6.562932879771909e-05
6.540778753520753e-05
6.537568129241799e-05
6.517377905632928e-05
6.503258823756716e-05
6.498192035543186e-05
6.48661899397686e-05
6.483980955084847e-05
6.469971409792928e-05
6.460667746160888e-05
6.450485795069313e-05
6.440432825135234e-05
6.416273127622753e-05
6.401681189055238e-05
6.371319750044863e-05
6.34860664731884e-05
6.29645991704676e-05
6.268886330355834e-05
6.266474047186339e-05
6.248521052101216e-05
6.244009600973852e-05
6.20016455951868e-05
6.188981961775095e-05
6.188273152832975e-05
6.186761569546322e-05
6.152093899411056e-05
6.131316266116853e-05
6.11469845300458e-05
6.0531277454017207e-05
6.027079388083723e-05
6.015340644649561e-05
5.979655446455888e-05
5.973763481856131e-05
5.9714439465747265e-05
5.925556237813745e-05
5.9238467219277005e-05
5.921117937991705e-05
5.914997756074045e-05
5.904697562909119e-05
5.889664607380778e-05
5.866147968167356e-05
5.8062467147572226e-05
5.803578698876763e-05
5.784507656448256e-05
5.783912466426763e-05
5.773977174095369e-05
5.77198258626472e-05
5.7659737167258616e-05
5.719700508749894e-05
5.704235509266681e-05
5.657525243874844e-05
5.6542866447383766e-05
5.648685891414129e-05
5.635733918830809e-05
5.635401129553009e-05
5.616436126351724e-05
5.5946904435290945e-05
5.587835273863453e-05
5.576613498973613e-05
5.568614002074286e-05
5.568300434056127e-05
5.564099907252842e-05
5.558902662318976e-05
5.55456385114754e-05
5.5195796525677294e-05
5.519155974737025e-05
5.5129927352064084e-05
5.49868036373827e-05
5.49275402200764e-05
5.4721606881604934e-05
5.46252746487484e-05
5.4600788834299285e-05
5.456739240829367e-05
5.408026436391957e-05
5.382478333601967e-05
5.3799826834856656e-05
5.375421004269149e-05
5.370742835379061e-05
5.360557750598411e-05
5.3469692655208776e-05
5.342169681043489e-05
5.333022052022398e-05
5.3278158692733623e-05
5.320393404471315e-05
5.3004553697793984e-05
5.286429311154223e-05
5.225192364916934e-05
5.21498287516971e-05
5.214141778584563e-05
5.208292493715737e-05
5.2074395109254325e-05
5.2040249641230285e-05
5.197703841554e-05
5.191087537965675e-05
5.152157513093648e-05
5.144918699275871e-05
5.132429441699595e-05
5.129594053971282e-05
5.125831663244867e-05
5.125614643140909e-05
5.1162460691998624e-05
5.109963347962443e-05
5.101205793192298e-05
5.04779480578582e-05
5.043619238491394e-05
5.040581382271534e-05
4.9984021611256344e-05
4.990096616029944e-05
4.959372125108729e-05
4.9486490153871484e-05
4.944802219129823e-05
4.8984045468335915e-05
4.897040538289709e-05
4.873877644663363e-05
4.858522003845975e-05
4.850117397590034e-05
4.83637339495747e-05
4.834272230450761e-05
4.818901472332393e-05
4.815953822490297e-05
4.8142219902453954e-05
4.7572673485742996e-05
4.740293262949204e-05
4.723419337362629e-05
4.7206178838188726e-05
4.7127360621727804e-05
4.660088183338322e-05
4.6567502290561625e-05
4.642670249358572e-05
4.629144832139754e-05
4.627202903298152e-05
4.571301403418818e-05
4.5705822666544374e-05
4.5583627686391796e-05
4.54484006299853e-05
4.529544319925338e-05
4.521287765226201e-05
4.491450259102514e-05
4.472358264773139e-05
4.472214742376013e-05
4.4602543328647756e-05
4.4595208739789155e-05
4.440851431287799e-05
4.408933225097132e-05
4.404066277118126e-05
4.398302035754746e-05
4.3921893771701406e-05
4.390857738380277e-05
4.3822107245612986e-05
4.358937778003369e-05
4.345366728358947e-05
4.3432939719239645e-05
4.334011609844704e-05
4.314895860119853e-05
4.3094456916387285e-05
4.3045348259431864e-05
4.304282427675278e-05
4.301484830516986e-05
4.29977111673553e-05
4.2906783877299475e-05
4.288051192767617e-05
4.2771837919189926e-05
4.2228075228273104e-05
4.221226097669001e-05
4.2121928206281875e-05
4.162104477177315e-05
4.156006444080912e-05
4.1393306137154724e-05
4.105444866200001e-05
4.095298096510634e-05
4.0936988245883485e-05
4.0854212695066446e-05
4.0744761432403506e-05
4.0453423515559625e-05
4.024462317222642e-05
4.008725977214804e-05
4.008725977214804e-05
3.993381390112033e-05
3.991569151941758e-05
3.9642216411205624e-05
3.961694316410313e-05
3.937638294336152e-05
3.904627766515934e-05
3.9025814866194994e-05
3.9022699153865146e-05
3.884384930222725e-05
3.862391607007256e-05
3.855366878819979e-05
3.779245906068438e-05
3.764235836263745e-05
3.760999863769103e-05
3.7479546321784874e-05
3.7283048836919455e-05
3.7271975768616375e-05
3.722651113016516e-05
3.718888756963115e-05
3.7146864294562135e-05
3.6971298876948746e-05
3.687613018254179e-05
3.667051732112306e-05
3.6653878069339274e-05
3.6348394706805006e-05
3.625123759951951e-05
3.579813731255221e-05
3.577044321244065e-05
3.543032300817753e-05
3.488803756933865e-05
3.4835719466575456e-05
3.4824045296166656e-05
3.470100818952251e-05
3.4150015025153996e-05
3.3883857384873575e-05
3.377839869247786e-05
3.339535457999322e-05
3.3143445285028906e-05
3.283171615887985e-05
3.274348101651261e-05
3.271602362863495e-05
3.220437167505702e-05
3.180461285558111e-05
3.175170438941046e-05
3.096853514588647e-05
3.0851465783283315e-05
3.081690932428529e-05
3.066277788969118e-05
3.0499930161482503e-05
2.9485392475770853e-05
2.9013795476645155e-05
2.8347571119067073e-05
2.823637725308737e-05
2.7969903774731658e-05
2.790441667126278e-05
2.7848338542023853e-05
2.7831790169660282e-05
2.775599728678541e-05
2.7536952267689645e-05
2.7294978193347046e-05
2.6433651366918898e-05
2.6049720941324838e-05
2.5977514101962138e-05
2.559479476112863e-05
2.5435551448210195e-05
2.4937774168242277e-05
2.3763375689532014e-05
2.3761597153285826e-05
2.3611167349856718e-05
2.235584896251227e-05
2.2305439366465937e-05
2.2272150072702288e-05
2.2268667707514653e-05
2.153029009378025e-05
2.069220646037381e-05
2.0586462126434795e-05
2.0527830608016013e-05
1.952697832982998e-05
1.9189602313068956e-05
1.9151108138667525e-05
1.8914081316565198e-05
1.8087323334221964e-05
1.7807595393601233e-05
1.7766773350895047e-05
1.5550076679091484e-05
1.5438864097571176e-05
1.5033804256117551e-05
1.4928274169453052e-05
1.4582911075072207e-05
1.425205794066274e-05
1.3064767881841387e-05
1.187665267678342e-05
1.1566721700670295e-05
1.062915092923062e-05
1.0327350841503325e-05
1.0118908985537185e-05
9.765916417477833e-06
7.874018036497236e-06
7.077064834762502e-06
6.031904023117607e-06
5.973648097837761e-06
5.153628325163269e-06
4.89164534290216e-06
1.9784552621510907e-06
0.0
0.0
0.0
0.0
0.0
0.0
0.0
0.0
0.0
0.0
0.0
0.0
0.0
0.0
0.0
0.0
0.0
0.0
0.0
0.0
0.0
0.0
0.0
0.0
